0 0
0 300
99
23 1926 105 0 101 28 90 55 72 77 48 93 21 103 -7 105 -35 99 -61 86 -81 66 -96 42 -104 14 -104 -14 -96 -42 -81 -66 -61 -86 -35 -99 -7 -105 21 -103 48 -93 72 -77 90 -55 101 -28
32 7121 150 0 147 29 139 57 125 83 106 106 83 125 57 139 29 147 0 150 -29 147 -57 139 -83 125 -106 106 -125 83 -139 57 -147 29 -150 0 -147 -29 -139 -57 -125 -83 -106 -106 -83 -125 -57 -139 -29 -147 0 -150 29 -147 57 -139 83 -125 106 -106 125 -83 139 -57 147 -29
12 5122 50 0 43 25 25 43 0 50 -25 43 -43 25 -50 0 -43 -25 -25 -43 0 -50 25 -43 43 -25
35 8723 165 0 162 29 154 58 142 85 124 109 103 129 78 145 51 157 22 164 -7 165 -37 161 -65 152 -91 138 -114 119 -133 97 -149 72 -159 44 -164 15 -164 -15 -159 -44 -149 -72 -133 -97 -114 -119 -91 -138 -65 -152 -37 -161 -7 -165 22 -164 51 -157 78 -145 103 -129 124 -109 142 -85 154 -58 162 -29
56 6709 270 0 268 30 263 60 255 89 243 117 229 144 211 168 191 191 168 211 144 229 117 243 89 255 60 263 30 268 0 270 -30 268 -60 263 -89 255 -117 243 -144 229 -168 211 -191 191 -211 168 -229 144 -243 117 -255 89 -263 60 -268 30 -270 0 -268 -30 -263 -60 -255 -89 -243 -117 -229 -144 -211 -168 -191 -191 -168 -211 -144 -229 -117 -243 -89 -255 -60 -263 -30 -268 0 -270 30 -268 60 -263 89 -255 117 -243 144 -229 168 -211 191 -191 211 -168 229 -144 243 -117 255 -89 263 -60 268 -30
87 3998 425 0 424 31 421 61 415 91 407 121 398 150 386 178 372 206 356 232 338 257 319 281 298 303 275 324 251 343 226 360 199 375 171 389 143 400 114 410 84 417 54 422 23 424 -8 425 -38 423 -69 419 -99 413 -128 405 -157 395 -185 382 -212 368 -239 352 -263 334 -287 314 -309 292 -329 269 -347 245 -364 219 -379 192 -392 164 -403 136 -411 106 -418 76 -423 46 -425 15 -425 -15 -423 -46 -418 -76 -411 -106 -403 -136 -392 -164 -379 -192 -364 -219 -347 -245 -329 -269 -309 -292 -287 -314 -263 -334 -239 -352 -213 -368 -185 -382 -157 -395 -128 -405 -99 -413 -69 -419 -38 -423 -8 -425 23 -424 54 -422 84 -417 114 -410 143 -400 171 -389 199 -375 226 -360 251 -343 275 -324 298 -303 319 -281 338 -257 356 -232 372 -206 386 -178 398 -150 407 -121 415 -91 421 -61 424 -31
39 2122 185 0 183 30 175 59 164 86 148 111 128 133 105 152 79 167 51 178 22 184 -7 185 -37 181 -66 173 -92 160 -117 143 -138 123 -156 99 -170 73 -180 44 -184 15 -184 -15 -180 -44 -170 -73 -156 -99 -138 -123 -117 -143 -93 -160 -66 -173 -37 -181 -7 -185 22 -184 51 -178 79 -167 105 -152 128 -133 148 -111 164 -86 175 -59 183 -30
9 5132 35 0 27 22 6 34 -17 30 -33 12 -33 -12 -18 -30 6 -34 27 -22
61 6172 295 0 293 30 289 60 281 90 270 118 257 145 240 171 222 195 200 216 177 236 152 253 125 267 97 279 68 287 38 293 8 295 -23 294 -53 290 -82 283 -111 273 -139 260 -165 245 -189 227 -211 206 -231 183 -249 158 -264 132 -276 104 -285 75 -291 45 -295 15 -295 -15 -291 -45 -285 -75 -276 -104 -264 -132 -249 -158 -231 -183 -211 -206 -189 -227 -165 -245 -139 -260 -111 -273 -82 -283 -53 -290 -23 -294 8 -295 38 -293 68 -287 97 -279 125 -267 152 -253 177 -236 200 -216 222 -195 240 -171 257 -145 270 -118 281 -90 289 -60 293 -30
25 7919 115 0 111 29 101 55 84 79 62 97 36 109 7 115 -22 113 -49 104 -73 89 -93 68 -107 42 -114 14 -114 -14 -107 -42 -93 -68 -73 -89 -49 -104 -22 -113 7 -115 36 -109 62 -97 84 -79 101 -55 111 -29
83 7483 405 0 404 31 400 61 395 91 387 121 376 150 364 178 349 205 333 231 315 255 294 278 273 300 249 319 224 337 198 353 171 367 143 379 113 389 84 396 53 401 23 404 -8 405 -38 403 -69 399 -99 393 -128 384 -157 373 -185 361 -211 346 -237 329 -261 310 -284 289 -305 267 -324 243 -341 218 -357 191 -370 164 -382 135 -391 106 -398 76 -402 46 -405 15 -405 -15 -402 -46 -398 -76 -391 -106 -382 -135 -370 -164 -357 -191 -341 -218 -324 -243 -305 -267 -284 -289 -261 -310 -237 -329 -211 -346 -185 -361 -157 -373 -128 -384 -99 -393 -69 -399 -38 -403 -8 -405 23 -404 53 -401 84 -396 113 -389 143 -379 171 -367 198 -353 224 -337 249 -319 273 -300 294 -278 315 -255 333 -231 349 -205 364 -178 376 -150 387 -121 395 -91 400 -61 404 -31
64 8640 310 0 309 30 304 60 297 90 286 119 273 146 258 172 240 197 219 219 197 240 172 258 146 273 119 286 90 297 60 304 30 309 0 310 -30 309 -60 304 -90 297 -119 286 -146 273 -172 258 -197 240 -219 219 -240 197 -258 172 -273 146 -286 119 -297 90 -304 60 -309 30 -310 0 -309 -30 -304 -60 -297 -90 -286 -119 -273 -146 -258 -172 -240 -197 -219 -219 -197 -240 -172 -258 -146 -273 -119 -286 -90 -297 -60 -304 -30 -309 0 -310 30 -309 60 -304 90 -297 119 -286 146 -273 172 -258 197 -240 219 -219 240 -197 258 -172 273 -146 286 -119 297 -90 304 -60 309 -30
48 7768 230 0 228 30 222 60 212 88 199 115 182 140 163 163 140 182 115 199 88 212 60 222 30 228 0 230 -30 228 -60 222 -88 212 -115 199 -140 182 -163 163 -182 140 -199 115 -212 88 -222 60 -228 30 -230 0 -228 -30 -222 -60 -212 -88 -199 -115 -182 -140 -163 -163 -140 -182 -115 -199 -88 -212 -60 -222 -30 -228 0 -230 30 -228 60 -222 88 -212 115 -199 140 -182 163 -163 182 -140 199 -115 212 -88 222 -60 228 -30
93 7029 455 0 454 31 451 61 446 92 438 121 429 151 418 179 405 207 390 234 373 260 355 285 335 308 313 330 291 350 266 369 241 386 214 402 186 415 158 427 129 436 99 444 69 450 38 453 8 455 -23 454 -54 452 -84 447 -114 440 -144 432 -172 421 -200 409 -227 394 -254 378 -279 360 -302 340 -324 319 -345 296 -364 272 -382 247 -398 221 -412 193 -424 165 -434 136 -442 107 -449 76 -453 46 -455 15 -455 -15 -453 -46 -449 -76 -442 -107 -434 -136 -424 -165 -412 -193 -398 -221 -382 -247 -364 -272 -345 -296 -324 -319 -302 -340 -279 -360 -254 -378 -228 -394 -200 -409 -172 -421 -144 -432 -114 -440 -84 -447 -54 -452 -23 -454 8 -455 38 -453 69 -450 99 -444 129 -436 158 -427 186 -415 214 -402 241 -386 266 -369 291 -350 313 -330 335 -308 355 -285 373 -260 390 -234 405 -207 418 -179 429 -151 438 -121 446 -92 451 -61 454 -31
98 7071 480 0 479 31 476 61 471 92 464 122 456 151 445 180 432 208 418 236 402 262 385 287 365 311 345 334 323 355 299 375 275 394 249 410 222 426 194 439 166 450 137 460 107 468 77 474 46 478 15 480 -15 480 -46 478 -77 474 -107 468 -137 460 -166 450 -194 439 -222 426 -249 410 -275 394 -299 375 -323 355 -345 334 -365 311 -385 287 -402 262 -418 236 -432 208 -445 180 -456 151 -464 122 -471 92 -476 61 -479 31 -480 0 -479 -31 -476 -61 -471 -92 -464 -122 -456 -151 -445 -180 -432 -208 -418 -236 -402 -262 -385 -287 -365 -311 -345 -334 -323 -355 -299 -375 -275 -394 -249 -410 -222 -426 -194 -439 -166 -450 -137 -460 -107 -468 -77 -474 -46 -478 -15 -480 15 -480 46 -478 77 -474 107 -468 137 -460 166 -450 194 -439 222 -426 249 -410 275 -394 299 -375 323 -355 345 -334 365 -311 385 -287 402 -262 418 -236 432 -208 445 -180 456 -151 464 -122 471 -92 476 -61 479 -31
6 2863 20 0 10 17 -10 17 -20 0 -10 -17 10 -17
65 4947 315 0 314 30 309 61 302 90 292 119 279 146 263 173 246 197 225 220 203 241 179 259 153 275 126 289 97 300 68 308 38 313 8 315 -23 314 -53 311 -83 304 -112 295 -140 282 -166 268 -191 250 -215 231 -236 209 -255 185 -272 160 -286 133 -297 105 -306 75 -312 46 -315 15 -315 -15 -312 -46 -306 -75 -297 -105 -286 -133 -272 -160 -255 -185 -236 -209 -215 -231 -191 -250 -166 -268 -140 -282 -112 -295 -83 -304 -53 -311 -23 -314 8 -315 38 -313 68 -308 97 -300 126 -289 153 -275 179 -259 203 -241 225 -220 246 -197 263 -173 279 -146 292 -119 302 -90 309 -61 314 -30
36 8556 170 0 167 30 160 58 147 85 130 109 109 130 85 147 58 160 30 167 0 170 -30 167 -58 160 -85 147 -109 130 -130 109 -147 85 -160 58 -167 30 -170 0 -167 -30 -160 -58 -147 -85 -130 -109 -109 -130 -85 -147 -58 -160 -30 -167 0 -170 30 -167 58 -160 85 -147 109 -130 130 -109 147 -85 160 -58 167 -30
45 1335 215 0 213 30 207 59 196 87 182 114 165 138 144 160 120 178 94 193 66 204 37 212 8 215 -22 214 -52 209 -81 199 -107 186 -132 169 -155 149 -174 126 -190 101 -202 74 -210 45 -214 15 -214 -15 -210 -45 -202 -74 -190 -101 -174 -126 -155 -149 -132 -169 -108 -186 -81 -199 -52 -209 -22 -214 8 -215 37 -212 66 -204 94 -193 120 -178 144 -160 165 -138 182 -114 196 -87 207 -59 213 -30
41 4535 195 0 193 30 186 59 175 87 159 112 141 135 118 155 93 171 66 184 37 191 7 195 -22 194 -52 188 -80 178 -106 164 -130 146 -150 124 -168 100 -181 73 -190 44 -194 15 -194 -15 -190 -44 -181 -73 -168 -100 -150 -124 -130 -146 -106 -164 -80 -178 -52 -188 -22 -194 7 -195 37 -191 66 -184 93 -171 118 -155 141 -135 159 -112 175 -87 186 -59 193 -30
57 8469 275 0 273 30 268 60 260 89 249 117 234 144 217 169 197 192 175 212 150 230 124 245 96 258 68 267 38 272 8 275 -23 274 -53 270 -82 262 -110 252 -137 238 -163 222 -186 202 -207 181 -226 157 -242 131 -255 103 -265 75 -271 45 -275 15 -275 -15 -271 -45 -265 -75 -255 -103 -242 -131 -226 -157 -207 -181 -186 -202 -163 -222 -138 -238 -110 -252 -82 -262 -53 -270 -23 -274 8 -275 38 -272 68 -267 96 -258 124 -245 150 -230 175 -212 197 -192 217 -169 234 -144 249 -117 260 -89 268 -60 273 -30
20 2366 90 0 86 28 73 53 53 73 28 86 0 90 -28 86 -53 73 -73 53 -86 28 -90 0 -86 -28 -73 -53 -53 -73 -28 -86 0 -90 28 -86 53 -73 73 -53 86 -28
30 7112 140 0 137 29 128 57 113 82 94 104 70 121 43 133 15 139 -15 139 -43 133 -70 121 -94 104 -113 82 -128 57 -137 29 -140 0 -137 -29 -128 -57 -113 -82 -94 -104 -70 -121 -43 -133 -15 -139 15 -139 43 -133 70 -121 94 -104 113 -82 128 -57 137 -29
53 8955 255 0 253 30 248 60 239 89 227 116 211 142 193 166 172 188 149 207 123 223 96 236 67 246 38 252 8 255 -23 254 -53 250 -82 242 -110 230 -136 216 -161 198 -183 178 -203 155 -220 130 -233 103 -244 74 -251 45 -255 15 -255 -15 -251 -45 -244 -74 -233 -103 -220 -130 -203 -155 -183 -178 -161 -198 -136 -216 -110 -230 -82 -242 -53 -250 -23 -254 8 -255 38 -252 67 -246 96 -236 123 -223 149 -207 172 -188 193 -166 211 -142 227 -116 239 -89 248 -60 253 -30
4 6279 10 0 0 10 -10 0 0 -10
27 6440 125 0 122 29 112 56 96 80 75 100 50 115 22 123 -7 125 -36 120 -62 108 -86 91 -104 69 -117 43 -124 15 -124 -15 -117 -43 -104 -69 -86 -91 -63 -108 -36 -120 -7 -125 22 -123 50 -115 75 -100 96 -80 112 -56 122 -29
43 1520 205 0 203 30 196 59 186 87 171 113 153 137 131 158 107 175 80 189 52 198 22 204 -7 205 -37 202 -66 194 -94 182 -119 167 -142 148 -162 125 -179 100 -191 73 -200 45 -204 15 -204 -15 -200 -45 -191 -73 -179 -100 -162 -125 -142 -148 -119 -167 -94 -182 -66 -194 -37 -202 -7 -205 22 -204 52 -198 80 -189 107 -175 131 -158 153 -137 171 -113 186 -87 196 -59 203 -30
84 446 410 0 409 31 405 61 400 91 392 121 382 150 369 178 355 205 339 231 321 256 301 279 279 301 256 321 231 339 205 355 178 369 150 382 121 392 91 400 61 405 31 409 0 410 -31 409 -61 405 -91 400 -121 392 -150 382 -178 369 -205 355 -231 339 -256 321 -279 301 -301 279 -321 256 -339 231 -355 205 -369 178 -382 150 -392 121 -400 91 -405 61 -409 31 -410 0 -409 -31 -405 -61 -400 -91 -392 -121 -382 -150 -369 -178 -355 -205 -339 -231 -321 -256 -301 -279 -279 -301 -256 -321 -231 -339 -205 -355 -178 -369 -150 -382 -121 -392 -91 -400 -61 -405 -31 -409 0 -410 31 -409 61 -405 91 -400 121 -392 150 -382 178 -369 205 -355 231 -339 256 -321 279 -301 301 -279 321 -256 339 -231 355 -205 369 -178 382 -150 392 -121 400 -91 405 -61 409 -31
81 4901 395 0 394 31 390 61 384 91 376 121 366 149 353 177 338 204 321 230 303 254 282 277 260 298 236 317 211 334 184 349 156 363 128 374 99 383 69 389 38 393 8 395 -23 394 -53 391 -84 386 -113 378 -142 368 -170 356 -197 342 -223 326 -248 307 -271 287 -293 265 -312 242 -330 217 -346 191 -360 163 -371 135 -381 106 -388 76 -392 46 -395 15 -395 -15 -392 -46 -388 -76 -381 -106 -371 -135 -360 -163 -346 -191 -330 -217 -312 -242 -293 -265 -271 -287 -248 -307 -223 -326 -198 -342 -170 -356 -142 -368 -113 -378 -84 -386 -53 -391 -23 -394 8 -395 38 -393 69 -389 99 -383 128 -374 156 -363 184 -349 211 -334 236 -317 260 -298 282 -277 303 -254 321 -230 338 -204 353 -177 366 -149 376 -121 384 -91 390 -61 394 -31
80 421 390 0 389 31 385 61 379 91 371 121 360 149 347 177 333 204 316 229 297 253 276 276 253 297 229 316 204 333 177 347 149 360 121 371 91 379 61 385 31 389 0 390 -31 389 -61 385 -91 379 -121 371 -149 360 -177 347 -204 333 -229 316 -253 297 -276 276 -297 253 -316 229 -333 204 -347 177 -360 149 -371 121 -379 91 -385 61 -389 31 -390 0 -389 -31 -385 -61 -379 -91 -371 -121 -360 -149 -347 -177 -333 -204 -316 -229 -297 -253 -276 -276 -253 -297 -229 -316 -204 -333 -177 -347 -149 -360 -121 -371 -91 -379 -61 -385 -31 -389 0 -390 31 -389 61 -385 91 -379 121 -371 149 -360 177 -347 204 -333 229 -316 253 -297 276 -276 297 -253 316 -229 333 -204 347 -177 360 -149 371 -121 379 -91 385 -61 389 -31
89 8753 435 0 434 31 431 61 425 91 418 121 408 150 397 179 383 206 367 233 350 258 331 282 310 305 288 326 264 345 239 363 213 379 186 393 158 405 129 416 99 424 69 430 38 433 8 435 -23 434 -54 432 -84 427 -114 420 -143 411 -172 400 -200 387 -226 371 -252 355 -276 336 -299 316 -321 294 -341 270 -359 246 -375 220 -390 193 -403 165 -413 136 -422 106 -428 76 -433 46 -435 15 -435 -15 -433 -46 -428 -76 -422 -106 -413 -136 -403 -165 -390 -193 -375 -220 -359 -246 -341 -270 -321 -294 -299 -316 -276 -336 -252 -355 -226 -371 -200 -387 -172 -400 -143 -411 -114 -420 -84 -427 -54 -432 -23 -434 8 -435 38 -433 69 -430 99 -424 129 -416 158 -405 186 -393 213 -379 239 -363 264 -345 288 -326 310 -305 331 -282 350 -258 367 -233 383 -206 397 -179 408 -150 418 -121 425 -91 431 -61 434 -31
34 8338 160 0 157 29 149 58 136 84 118 108 96 128 71 143 44 154 15 159 -15 159 -44 154 -71 143 -96 128 -118 108 -136 84 -149 58 -157 29 -160 0 -157 -29 -149 -58 -136 -84 -118 -108 -96 -128 -71 -143 -44 -154 -15 -159 15 -159 44 -154 71 -143 96 -128 118 -108 136 -84 149 -58 157 -29
101 6954 495 0 494 31 491 61 486 92 480 122 471 151 461 181 449 209 435 236 419 263 402 288 384 313 363 336 342 358 319 379 295 398 269 415 243 431 216 446 188 458 159 469 129 478 99 485 69 490 38 494 8 495 -23 494 -54 492 -84 488 -114 482 -144 474 -173 464 -202 452 -230 439 -256 423 -282 407 -307 388 -330 369 -353 347 -374 325 -393 301 -411 276 -427 250 -442 223 -455 195 -466 166 -476 137 -483 107 -489 77 -493 46 -495 15 -495 -15 -493 -46 -489 -77 -483 -107 -476 -137 -466 -166 -455 -195 -442 -223 -427 -250 -411 -276 -393 -301 -374 -325 -353 -347 -330 -369 -307 -388 -282 -407 -256 -423 -230 -439 -202 -452 -173 -464 -144 -474 -114 -482 -84 -488 -54 -492 -23 -494 8 -495 38 -494 69 -490 99 -485 129 -478 159 -469 188 -458 216 -446 243 -431 269 -415 295 -398 319 -379 342 -358 363 -336 384 -313 402 -288 419 -263 435 -236 449 -209 461 -181 471 -151 480 -122 486 -92 491 -61 494 -31
14 3761 60 0 54 26 37 47 13 58 -13 58 -37 47 -54 26 -60 0 -54 -26 -37 -47 -13 -58 13 -58 37 -47 54 -26
40 2844 190 0 188 30 181 59 169 86 154 112 134 134 112 154 86 169 59 181 30 188 0 190 -30 188 -59 181 -86 169 -112 154 -134 134 -154 112 -169 86 -181 59 -188 30 -190 0 -188 -30 -181 -59 -169 -86 -154 -112 -134 -134 -112 -154 -86 -169 -59 -181 -30 -188 0 -190 30 -188 59 -181 86 -169 112 -154 134 -134 154 -112 169 -86 181 -59 188 -30
42 8945 200 0 198 30 191 59 180 87 165 113 147 136 125 156 100 173 73 186 45 195 15 199 -15 199 -45 195 -73 186 -100 173 -125 156 -147 136 -165 113 -180 87 -191 59 -198 30 -200 0 -198 -30 -191 -59 -180 -87 -165 -113 -147 -136 -125 -156 -100 -173 -73 -186 -45 -195 -15 -199 15 -199 45 -195 73 -186 100 -173 125 -156 147 -136 165 -113 180 -87 191 -59 198 -30
63 7711 305 0 303 30 299 60 291 90 281 118 268 146 252 172 234 196 213 218 190 238 165 256 139 271 111 284 83 294 53 300 23 304 -8 305 -38 303 -68 297 -97 289 -125 278 -153 264 -178 248 -202 229 -224 207 -243 184 -260 159 -275 132 -287 104 -296 75 -302 45 -305 15 -305 -15 -302 -45 -296 -75 -287 -104 -275 -132 -260 -159 -243 -184 -224 -207 -202 -229 -178 -248 -152 -264 -125 -278 -97 -289 -68 -297 -38 -303 -8 -305 23 -304 53 -300 83 -294 111 -284 139 -271 165 -256 190 -238 213 -218 234 -196 252 -172 268 -146 281 -118 291 -90 299 -60 303 -30
22 3251 100 0 96 28 84 54 65 76 42 91 14 99 -14 99 -42 91 -65 76 -84 54 -96 28 -100 0 -96 -28 -84 -54 -65 -76 -42 -91 -14 -99 14 -99 42 -91 65 -76 84 -54 96 -28
58 2209 280 0 278 30 273 60 265 89 254 118 240 144 223 169 203 193 181 213 157 232 131 247 104 260 75 270 45 276 15 280 -15 280 -45 276 -75 270 -104 260 -131 247 -157 232 -181 213 -203 193 -223 169 -240 144 -254 118 -265 89 -273 60 -278 30 -280 0 -278 -30 -273 -60 -265 -89 -254 -118 -240 -144 -223 -169 -203 -193 -181 -213 -157 -232 -131 -247 -104 -260 -75 -270 -45 -276 -15 -280 15 -280 45 -276 75 -270 104 -260 131 -247 157 -232 181 -213 203 -193 223 -169 240 -144 254 -118 265 -89 273 -60 278 -30
17 6141 75 0 70 27 55 51 33 67 7 75 -21 72 -45 60 -64 39 -74 14 -74 -14 -64 -39 -45 -60 -21 -72 7 -75 33 -67 55 -51 70 -27
46 308 220 0 218 30 212 59 202 88 188 114 171 139 150 161 127 180 101 195 74 207 45 215 15 219 -15 219 -45 215 -74 207 -101 195 -127 180 -150 161 -171 139 -188 114 -202 88 -212 59 -218 30 -220 0 -218 -30 -212 -59 -202 -88 -188 -114 -171 -139 -150 -161 -127 -180 -101 -195 -74 -207 -45 -215 -15 -219 15 -219 45 -215 74 -207 101 -195 127 -180 150 -161 171 -139 188 -114 202 -88 212 -59 218 -30
50 943 240 0 238 30 232 60 223 88 210 116 194 141 175 164 153 185 129 203 102 217 74 228 45 236 15 240 -15 240 -45 236 -74 228 -102 217 -129 203 -153 185 -175 164 -194 141 -210 116 -223 88 -232 60 -238 30 -240 0 -238 -30 -232 -60 -223 -88 -210 -116 -194 -141 -175 -164 -153 -185 -129 -203 -102 -217 -74 -228 -45 -236 -15 -240 15 -240 45 -236 74 -228 102 -217 129 -203 153 -185 175 -164 194 -141 210 -116 223 -88 232 -60 238 -30
90 2544 440 0 439 31 436 61 430 91 423 121 413 150 402 179 388 207 373 233 356 259 337 283 317 306 294 327 271 347 246 365 220 381 193 395 165 408 136 418 106 427 76 433 46 438 15 440 -15 440 -46 438 -76 433 -106 427 -136 418 -165 408 -193 395 -220 381 -246 365 -271 347 -294 327 -317 306 -337 283 -356 259 -373 233 -388 207 -402 179 -413 150 -423 121 -430 91 -436 61 -439 31 -440 0 -439 -31 -436 -61 -430 -91 -423 -121 -413 -150 -402 -179 -388 -207 -373 -233 -356 -259 -337 -283 -317 -306 -294 -327 -271 -347 -246 -365 -220 -381 -193 -395 -165 -408 -136 -418 -106 -427 -76 -433 -46 -438 -15 -440 15 -440 46 -438 76 -433 106 -427 136 -418 165 -408 193 -395 220 -381 246 -365 271 -347 294 -327 317 -306 337 -283 356 -259 373 -233 388 -207 402 -179 413 -150 423 -121 430 -91 436 -61 439 -31
26 4430 120 0 117 29 106 56 90 80 68 99 43 112 14 119 -14 119 -43 112 -68 99 -90 80 -106 56 -117 29 -120 0 -117 -29 -106 -56 -90 -80 -68 -99 -43 -112 -14 -119 14 -119 43 -112 68 -99 90 -80 106 -56 117 -29
5 8836 15 0 5 14 -12 9 -12 -9 5 -14
82 1378 400 0 399 31 395 61 389 91 381 121 371 150 358 177 344 204 327 230 309 254 288 277 266 299 242 318 217 336 191 351 164 365 135 376 106 386 76 393 46 397 15 400 -15 400 -46 397 -76 393 -106 386 -135 376 -164 365 -191 351 -217 336 -242 318 -266 299 -288 277 -309 254 -327 230 -344 204 -358 177 -371 150 -381 121 -389 91 -395 61 -399 31 -400 0 -399 -31 -395 -61 -389 -91 -381 -121 -371 -150 -358 -177 -344 -204 -327 -230 -309 -254 -288 -277 -266 -299 -242 -318 -217 -336 -191 -351 -164 -365 -135 -376 -106 -386 -76 -393 -46 -397 -15 -400 15 -400 46 -397 76 -393 106 -386 135 -376 164 -365 191 -351 217 -336 242 -318 266 -299 288 -277 309 -254 327 -230 344 -204 358 -177 371 -150 381 -121 389 -91 395 -61 399 -31
29 7087 135 0 132 29 123 57 107 82 87 103 63 119 36 130 7 135 -22 133 -50 125 -76 112 -98 93 -116 70 -128 43 -134 15 -134 -15 -128 -43 -116 -70 -98 -93 -76 -112 -50 -125 -22 -133 7 -135 36 -130 63 -119 87 -103 107 -82 123 -57 132 -29
49 8727 235 0 233 30 227 60 218 88 205 115 188 141 169 163 147 184 122 201 95 215 67 225 38 232 8 235 -23 234 -52 229 -81 221 -109 208 -134 193 -158 174 -179 152 -197 128 -212 102 -223 74 -231 45 -235 15 -235 -15 -231 -45 -223 -74 -212 -102 -197 -128 -179 -152 -158 -174 -134 -193 -109 -208 -81 -221 -52 -229 -23 -234 8 -235 38 -232 67 -225 95 -215 122 -201 147 -184 169 -163 188 -141 205 -115 218 -88 227 -60 233 -30
74 9362 360 0 359 31 355 61 348 91 339 120 328 148 314 176 298 202 280 226 260 249 238 270 214 289 189 307 162 321 134 334 105 344 76 352 46 357 15 360 -15 360 -46 357 -76 352 -105 344 -134 334 -162 321 -189 307 -214 289 -238 270 -260 249 -280 226 -298 202 -314 176 -328 148 -339 120 -348 91 -355 61 -359 31 -360 0 -359 -31 -355 -61 -348 -91 -339 -120 -328 -148 -314 -176 -298 -202 -280 -226 -260 -249 -238 -270 -214 -289 -189 -307 -162 -321 -134 -334 -105 -344 -76 -352 -46 -357 -15 -360 15 -360 46 -357 76 -352 105 -344 134 -334 162 -321 189 -307 214 -289 238 -270 260 -249 280 -226 298 -202 314 -176 328 -148 339 -120 348 -91 355 -61 359 -31
55 4657 265 0 263 30 258 60 250 89 238 117 223 143 205 168 185 190 162 210 137 227 110 241 82 252 53 260 23 264 -8 265 -38 262 -67 256 -96 247 -124 234 -150 219 -174 200 -195 179 -214 156 -231 130 -244 103 -254 75 -261 45 -265 15 -265 -15 -261 -45 -254 -75 -244 -103 -231 -130 -214 -156 -195 -179 -174 -200 -150 -219 -124 -234 -96 -247 -67 -256 -38 -262 -8 -265 23 -264 53 -260 82 -252 110 -241 137 -227 162 -210 185 -190 205 -168 223 -143 238 -117 250 -89 258 -60 263 -30
96 8748 470 0 469 31 466 61 461 92 454 122 445 151 434 180 422 208 407 235 391 261 373 286 353 310 332 332 310 353 286 373 261 391 235 407 208 422 180 434 151 445 122 454 92 461 61 466 31 469 0 470 -31 469 -61 466 -92 461 -122 454 -151 445 -180 434 -208 422 -235 407 -261 391 -286 373 -310 353 -332 332 -353 310 -373 286 -391 261 -407 235 -422 208 -434 180 -445 151 -454 122 -461 92 -466 61 -469 31 -470 0 -469 -31 -466 -61 -461 -92 -454 -122 -445 -151 -434 -180 -422 -208 -407 -235 -391 -261 -373 -286 -353 -310 -332 -332 -310 -353 -286 -373 -261 -391 -235 -407 -208 -422 -180 -434 -151 -445 -122 -454 -92 -461 -61 -466 -31 -469 0 -470 31 -469 61 -466 92 -461 122 -454 151 -445 180 -434 208 -422 235 -407 261 -391 286 -373 310 -353 332 -332 353 -310 373 -286 391 -261 407 -235 422 -208 434 -180 445 -151 454 -122 461 -92 466 -61 469 -31
47 57 225 0 223 30 217 59 207 88 194 115 177 139 156 162 133 181 108 197 81 210 52 219 23 224 -8 225 -37 222 -67 215 -95 204 -121 190 -145 172 -167 151 -185 127 -201 101 -213 74 -220 45 -224 15 -224 -15 -220 -45 -213 -74 -201 -101 -185 -127 -167 -151 -145 -172 -121 -190 -95 -204 -67 -215 -37 -222 -8 -225 23 -224 52 -219 81 -210 108 -197 133 -181 156 -162 177 -139 194 -115 207 -88 217 -59 223 -30
59 1098 285 0 283 30 279 60 271 90 260 118 246 145 229 170 209 193 188 214 164 233 138 249 111 263 82 273 53 280 23 284 -8 285 -38 282 -68 277 -97 268 -125 256 -151 242 -176 224 -199 204 -219 182 -237 158 -253 131 -265 104 -275 75 -281 45 -285 15 -285 -15 -281 -45 -275 -75 -265 -104 -253 -131 -237 -158 -219 -182 -199 -204 -176 -224 -151 -242 -125 -256 -97 -268 -68 -277 -38 -282 -8 -285 23 -284 53 -280 82 -273 111 -263 138 -249 164 -233 188 -214 209 -193 229 -170 246 -145 260 -118 271 -90 279 -60 283 -30
52 896 250 0 248 30 243 60 234 89 221 116 206 142 187 166 166 187 142 206 116 221 89 234 60 243 30 248 0 250 -30 248 -60 243 -89 234 -116 221 -142 206 -166 187 -187 166 -206 142 -221 116 -234 89 -243 60 -248 30 -250 0 -248 -30 -243 -60 -234 -89 -221 -116 -206 -142 -187 -166 -166 -187 -142 -206 -116 -221 -89 -234 -60 -243 -30 -248 0 -250 30 -248 60 -243 89 -234 116 -221 142 -206 166 -187 187 -166 206 -142 221 -116 234 -89 243 -60 248 -30
92 3878 450 0 449 31 446 61 441 92 433 121 424 151 413 179 400 207 384 234 368 260 349 284 329 307 307 329 284 349 260 368 234 384 207 400 179 413 151 424 121 433 92 441 61 446 31 449 0 450 -31 449 -61 446 -92 441 -121 433 -151 424 -179 413 -207 400 -234 384 -260 368 -284 349 -307 329 -329 307 -349 284 -368 260 -384 234 -400 207 -413 179 -424 151 -433 121 -441 92 -446 61 -449 31 -450 0 -449 -31 -446 -61 -441 -92 -433 -121 -424 -151 -413 -179 -400 -207 -384 -234 -368 -260 -349 -284 -329 -307 -307 -329 -284 -349 -260 -368 -234 -384 -207 -400 -179 -413 -151 -424 -121 -433 -92 -441 -61 -446 -31 -449 0 -450 31 -449 61 -446 92 -441 121 -433 151 -424 179 -413 207 -400 234 -384 260 -368 284 -349 307 -329 329 -307 349 -284 368 -260 384 -234 400 -207 413 -179 424 -151 433 -121 441 -92 446 -61 449 -31
70 4037 340 0 339 30 335 61 328 90 318 119 306 148 292 174 275 200 256 224 235 246 212 266 187 284 161 299 134 313 105 323 76 331 46 337 15 340 -15 340 -46 337 -76 331 -105 323 -134 313 -161 299 -187 284 -212 266 -235 246 -256 224 -275 200 -292 174 -306 148 -318 119 -328 90 -335 61 -339 30 -340 0 -339 -30 -335 -61 -328 -90 -318 -119 -306 -148 -292 -174 -275 -200 -256 -224 -235 -246 -212 -266 -187 -284 -161 -299 -134 -313 -105 -323 -76 -331 -46 -337 -15 -340 15 -340 46 -337 76 -331 105 -323 134 -313 161 -299 187 -284 212 -266 235 -246 256 -224 275 -200 292 -174 306 -148 318 -119 328 -90 335 -61 339 -30
95 9261 465 0 464 31 461 61 456 92 449 122 440 151 429 180 416 208 401 235 385 261 367 286 347 309 326 332 303 352 280 372 254 389 228 405 201 419 173 432 144 442 114 451 84 457 54 462 23 464 -8 465 -38 463 -69 460 -99 454 -129 447 -158 437 -187 426 -215 413 -241 397 -267 381 -292 362 -315 342 -337 321 -357 298 -376 273 -393 248 -409 221 -423 194 -435 165 -445 136 -453 107 -459 77 -463 46 -465 15 -465 -15 -463 -46 -459 -77 -453 -107 -445 -136 -435 -165 -423 -194 -409 -221 -393 -248 -376 -273 -357 -298 -337 -321 -315 -342 -292 -362 -267 -381 -241 -397 -215 -413 -187 -426 -158 -437 -129 -447 -99 -454 -69 -460 -38 -463 -8 -465 23 -464 54 -462 84 -457 114 -451 144 -442 173 -432 201 -419 228 -405 254 -389 280 -372 303 -352 326 -332 347 -309 367 -286 385 -261 401 -235 416 -208 429 -180 440 -151 449 -122 456 -92 461 -61 464 -31
37 3851 175 0 172 30 165 58 153 85 136 110 116 131 92 149 65 162 37 171 7 175 -22 174 -51 167 -79 156 -104 141 -126 121 -145 98 -159 72 -169 44 -174 15 -174 -15 -169 -44 -159 -72 -145 -98 -126 -121 -104 -141 -79 -156 -51 -167 -22 -174 7 -175 37 -171 65 -162 92 -149 116 -131 136 -110 153 -85 165 -58 172 -30
76 1973 370 0 369 31 365 61 359 91 350 120 339 149 325 176 310 202 292 227 272 251 251 272 227 292 202 310 176 325 149 339 120 350 91 359 61 365 31 369 0 370 -31 369 -61 365 -91 359 -120 350 -149 339 -176 325 -202 310 -227 292 -251 272 -272 251 -292 227 -310 202 -325 176 -339 149 -350 120 -359 91 -365 61 -369 31 -370 0 -369 -31 -365 -61 -359 -91 -350 -120 -339 -149 -325 -176 -310 -202 -292 -227 -272 -251 -251 -272 -227 -292 -202 -310 -176 -325 -149 -339 -120 -350 -91 -359 -61 -365 -31 -369 0 -370 31 -369 61 -365 91 -359 120 -350 149 -339 176 -325 202 -310 227 -292 251 -272 272 -251 292 -227 310 -202 325 -176 339 -149 350 -120 359 -91 365 -61 369 -31
100 9707 490 0 489 31 486 61 481 92 475 122 466 151 456 180 443 209 429 236 414 263 396 288 378 312 357 335 335 357 312 378 288 396 263 414 236 429 209 443 180 456 151 466 122 475 92 481 61 486 31 489 0 490 -31 489 -61 486 -92 481 -122 475 -151 466 -180 456 -209 443 -236 429 -263 414 -288 396 -312 378 -335 357 -357 335 -378 312 -396 288 -414 263 -429 236 -443 209 -456 180 -466 151 -475 122 -481 92 -486 61 -489 31 -490 0 -489 -31 -486 -61 -481 -92 -475 -122 -466 -151 -456 -180 -443 -209 -429 -236 -414 -263 -396 -288 -378 -312 -357 -335 -335 -357 -312 -378 -288 -396 -263 -414 -236 -429 -209 -443 -180 -456 -151 -466 -122 -475 -92 -481 -61 -486 -31 -489 0 -490 31 -489 61 -486 92 -481 122 -475 151 -466 180 -456 209 -443 236 -429 263 -414 288 -396 312 -378 335 -357 357 -335 378 -312 396 -288 414 -263 429 -236 443 -209 456 -180 466 -151 475 -122 481 -92 486 -61 489 -31
38 3690 180 0 178 30 170 58 158 86 142 111 122 132 98 151 72 165 44 174 15 179 -15 179 -44 174 -72 165 -98 151 -122 132 -142 111 -158 86 -170 58 -178 30 -180 0 -178 -30 -170 -58 -158 -86 -142 -111 -122 -132 -98 -151 -72 -165 -44 -174 -15 -179 15 -179 44 -174 72 -165 98 -151 122 -132 142 -111 158 -86 170 -58 178 -30
28 9489 130 0 127 29 117 56 102 81 81 102 56 117 29 127 0 130 -29 127 -56 117 -81 102 -102 81 -117 56 -127 29 -130 0 -127 -29 -117 -56 -102 -81 -81 -102 -56 -117 -29 -127 0 -130 29 -127 56 -117 81 -102 102 -81 117 -56 127 -29
11 2092 45 0 38 24 19 41 -6 45 -29 34 -43 13 -43 -13 -29 -34 -6 -45 19 -41 38 -24
13 6298 55 0 49 26 31 45 7 55 -20 51 -41 36 -53 13 -53 -13 -41 -36 -20 -51 7 -55 31 -45 49 -26
8 6302 30 0 21 21 0 30 -21 21 -30 0 -21 -21 0 -30 21 -21
97 7617 475 0 474 31 471 61 466 92 459 122 450 151 440 180 427 208 413 235 397 261 379 287 359 311 339 333 316 354 293 374 268 392 242 409 215 424 187 437 158 448 129 457 99 465 69 470 38 473 8 475 -23 474 -54 472 -84 467 -114 461 -144 453 -173 442 -201 430 -229 416 -255 401 -280 383 -305 364 -328 344 -349 322 -369 299 -388 274 -405 249 -420 222 -434 194 -445 166 -455 137 -463 107 -469 77 -473 46 -475 15 -475 -15 -473 -46 -469 -77 -463 -107 -455 -137 -445 -166 -434 -194 -420 -222 -405 -249 -388 -274 -369 -299 -349 -322 -328 -344 -305 -364 -280 -383 -255 -401 -229 -416 -201 -430 -173 -442 -144 -453 -114 -461 -84 -467 -54 -472 -23 -474 8 -475 38 -473 69 -470 99 -465 129 -457 158 -448 187 -437 215 -424 242 -409 268 -392 293 -374 316 -354 339 -333 359 -311 379 -287 397 -261 413 -235 427 -208 440 -180 450 -151 459 -122 466 -92 471 -61 474 -31
62 7171 300 0 298 30 294 60 286 90 276 118 262 146 246 171 228 195 207 217 184 237 159 255 132 269 104 281 75 290 45 297 15 300 -15 300 -45 297 -75 290 -104 281 -132 269 -159 255 -184 237 -207 217 -228 195 -246 171 -262 146 -276 118 -286 90 -294 60 -298 30 -300 0 -298 -30 -294 -60 -286 -90 -276 -118 -262 -146 -246 -171 -228 -195 -207 -217 -184 -237 -159 -255 -132 -269 -104 -281 -75 -290 -45 -297 -15 -300 15 -300 45 -297 75 -290 104 -281 132 -269 159 -255 184 -237 207 -217 228 -195 246 -171 262 -146 276 -118 286 -90 294 -60 298 -30
77 7596 375 0 374 31 370 61 364 91 355 120 344 149 331 176 315 203 298 228 278 251 257 273 234 293 209 311 183 327 156 341 127 353 98 362 68 369 38 373 8 375 -23 374 -53 371 -83 366 -113 358 -142 347 -170 334 -196 320 -222 302 -246 283 -268 262 -288 240 -307 215 -323 190 -338 163 -350 135 -360 106 -367 76 -372 46 -375 15 -375 -15 -372 -46 -367 -76 -360 -106 -350 -135 -338 -163 -323 -190 -307 -215 -288 -240 -268 -262 -246 -283 -222 -302 -196 -320 -170 -334 -142 -347 -113 -358 -83 -366 -53 -371 -23 -374 8 -375 38 -373 68 -369 98 -362 127 -353 156 -341 183 -327 209 -311 234 -293 257 -273 278 -251 298 -228 315 -203 331 -176 344 -149 355 -120 364 -91 370 -61 374 -31
75 8692 365 0 364 31 360 61 354 91 345 120 333 148 320 176 304 202 286 227 266 250 244 271 221 291 196 308 169 323 141 336 113 347 83 355 53 361 23 364 -8 365 -38 363 -68 359 -98 352 -127 342 -155 330 -182 316 -208 300 -233 281 -255 261 -276 238 -295 215 -312 189 -327 162 -339 134 -349 105 -357 76 -362 46 -365 15 -365 -15 -362 -46 -357 -76 -349 -105 -339 -134 -327 -162 -312 -189 -295 -215 -276 -238 -255 -261 -233 -281 -208 -300 -183 -316 -155 -330 -127 -342 -98 -352 -68 -359 -38 -363 -8 -365 23 -364 53 -361 83 -355 113 -347 141 -336 169 -323 196 -308 221 -291 244 -271 266 -250 286 -227 304 -202 320 -176 333 -148 345 -120 354 -91 360 -61 364 -31
85 9910 415 0 414 31 410 61 405 91 397 121 387 150 375 178 361 205 345 231 326 256 307 280 285 301 262 322 238 340 212 357 185 371 157 384 128 395 99 403 69 409 38 413 8 415 -23 414 -54 412 -84 406 -114 399 -143 390 -171 378 -199 364 -225 349 -250 331 -274 312 -296 291 -317 268 -336 244 -353 218 -368 192 -381 164 -392 136 -401 106 -408 76 -412 46 -415 15 -415 -15 -412 -46 -408 -76 -401 -106 -392 -136 -381 -164 -368 -192 -353 -218 -336 -244 -317 -268 -296 -291 -274 -312 -250 -331 -225 -349 -199 -364 -171 -378 -143 -390 -114 -399 -84 -406 -54 -412 -23 -414 8 -415 38 -413 69 -409 99 -403 128 -395 157 -384 185 -371 212 -357 238 -340 262 -322 285 -301 307 -280 326 -256 345 -231 361 -205 375 -178 387 -150 397 -121 405 -91 410 -61 414 -31
19 3600 85 0 80 28 67 52 46 71 21 82 -7 85 -34 78 -58 63 -75 40 -84 14 -84 -14 -75 -40 -58 -63 -34 -78 -7 -85 21 -82 46 -71 67 -52 80 -28
78 5686 380 0 379 31 375 61 369 91 360 120 350 149 336 177 321 203 304 228 284 252 263 274 240 294 216 313 190 329 163 343 135 355 106 365 76 372 46 377 15 380 -15 380 -46 377 -76 372 -106 365 -135 355 -163 343 -190 329 -216 313 -240 294 -263 274 -284 252 -304 228 -321 203 -336 177 -350 149 -360 120 -369 91 -375 61 -379 31 -380 0 -379 -31 -375 -61 -369 -91 -360 -120 -350 -149 -336 -177 -321 -203 -304 -228 -284 -252 -263 -274 -240 -294 -216 -313 -190 -329 -163 -343 -135 -355 -106 -365 -76 -372 -46 -377 -15 -380 15 -380 46 -377 76 -372 106 -365 135 -355 163 -343 190 -329 216 -313 240 -294 263 -274 284 -252 304 -228 321 -203 336 -177 350 -149 360 -120 369 -91 375 -61 379 -31
68 5334 330 0 329 30 324 61 317 90 308 119 295 147 281 174 263 199 244 222 222 244 199 263 174 281 147 295 119 308 90 317 61 324 30 329 0 330 -30 329 -61 324 -90 317 -119 308 -147 295 -174 281 -199 263 -222 244 -244 222 -263 199 -281 174 -295 147 -308 119 -317 90 -324 61 -329 30 -330 0 -329 -30 -324 -61 -317 -90 -308 -119 -295 -147 -281 -174 -263 -199 -244 -222 -222 -244 -199 -263 -174 -281 -147 -295 -119 -308 -90 -317 -61 -324 -30 -329 0 -330 30 -329 61 -324 90 -317 119 -308 147 -295 174 -281 199 -263 222 -244 244 -222 263 -199 281 -174 295 -147 308 -119 317 -90 324 -61 329 -30
72 5044 350 0 349 31 345 61 338 91 329 120 317 148 303 175 287 201 268 225 247 247 225 268 201 287 175 303 148 317 120 329 91 338 61 345 31 349 0 350 -31 349 -61 345 -91 338 -120 329 -148 317 -175 303 -201 287 -225 268 -247 247 -268 225 -287 201 -303 175 -317 148 -329 120 -338 91 -345 61 -349 31 -350 0 -349 -31 -345 -61 -338 -91 -329 -120 -317 -148 -303 -175 -287 -201 -268 -225 -247 -247 -225 -268 -201 -287 -175 -303 -148 -317 -120 -329 -91 -338 -61 -345 -31 -349 0 -350 31 -349 61 -345 91 -338 120 -329 148 -317 175 -303 201 -287 225 -268 247 -247 268 -225 287 -201 303 -175 317 -148 329 -120 338 -91 345 -61 349 -31
31 3928 145 0 142 29 133 57 119 83 100 105 77 123 50 136 22 143 -7 145 -36 140 -64 130 -89 115 -110 94 -127 70 -138 43 -144 15 -144 -15 -138 -43 -127 -70 -110 -94 -89 -115 -64 -130 -36 -140 -7 -145 22 -143 50 -136 77 -123 100 -105 119 -83 133 -57 142 -29
54 9113 260 0 258 30 253 60 244 89 232 117 217 143 199 167 178 189 155 209 130 225 103 239 75 249 45 256 15 260 -15 260 -45 256 -75 249 -103 239 -130 225 -155 209 -178 189 -199 167 -217 143 -232 117 -244 89 -253 60 -258 30 -260 0 -258 -30 -253 -60 -244 -89 -232 -117 -217 -143 -199 -167 -178 -189 -155 -209 -130 -225 -103 -239 -75 -249 -45 -256 -15 -260 15 -260 45 -256 75 -249 103 -239 130 -225 155 -209 178 -189 199 -167 217 -143 232 -117 244 -89 253 -60 258 -30
24 4702 110 0 106 28 95 55 78 78 55 95 28 106 0 110 -28 106 -55 95 -78 78 -95 55 -106 28 -110 0 -106 -28 -95 -55 -78 -78 -55 -95 -28 -106 0 -110 28 -106 55 -95 78 -78 95 -55 106 -28
73 9725 355 0 354 31 350 61 343 91 334 120 323 148 309 175 292 201 274 226 254 248 231 269 207 288 182 305 155 319 127 332 98 341 68 348 38 353 8 355 -23 354 -53 351 -83 345 -113 337 -141 326 -169 312 -195 297 -220 279 -243 259 -264 237 -284 214 -301 188 -316 162 -329 134 -339 105 -347 76 -352 46 -355 15 -355 -15 -352 -46 -347 -76 -339 -105 -329 -134 -316 -162 -301 -188 -284 -214 -264 -237 -243 -259 -220 -279 -195 -297 -169 -312 -141 -326 -113 -337 -83 -345 -53 -351 -23 -354 8 -355 38 -353 68 -348 98 -341 127 -332 155 -319 182 -305 207 -288 231 -269 254 -248 274 -226 292 -201 309 -175 323 -148 334 -120 343 -91 350 -61 354 -31
10 5861 40 0 32 24 12 38 -12 38 -32 24 -40 0 -32 -24 -12 -38 12 -38 32 -24
91 132 445 0 444 31 441 61 435 92 428 121 419 151 407 179 394 207 379 233 362 259 343 283 323 306 301 328 277 348 253 366 227 383 200 398 172 410 143 421 114 430 84 437 54 442 23 444 -8 445 -38 443 -69 440 -99 434 -129 426 -158 416 -186 404 -214 390 -240 375 -265 357 -289 338 -312 317 -333 295 -353 271 -371 246 -387 220 -401 193 -413 165 -424 136 -432 106 -438 76 -443 46 -445 15 -445 -15 -443 -46 -438 -76 -432 -106 -424 -136 -413 -165 -401 -193 -387 -220 -371 -246 -353 -271 -333 -295 -312 -317 -289 -338 -265 -357 -240 -375 -214 -390 -186 -404 -158 -416 -129 -426 -99 -434 -69 -440 -38 -443 -8 -445 23 -444 54 -442 84 -437 114 -430 143 -421 172 -410 200 -398 227 -383 253 -366 277 -348 301 -328 323 -306 343 -283 362 -259 379 -233 394 -207 407 -179 419 -151 428 -121 435 -92 441 -61 444 -31
86 9107 420 0 419 31 416 61 410 91 402 121 392 150 380 178 366 206 350 232 332 257 313 280 292 302 269 323 244 342 219 359 192 374 164 387 136 398 106 406 76 413 46 417 15 420 -15 420 -46 417 -76 413 -106 406 -136 398 -164 387 -192 374 -219 359 -244 342 -269 323 -292 302 -313 280 -332 257 -350 232 -366 206 -380 178 -392 150 -402 121 -410 91 -416 61 -419 31 -420 0 -419 -31 -416 -61 -410 -91 -402 -121 -392 -150 -380 -178 -366 -206 -350 -232 -332 -257 -313 -280 -292 -302 -269 -323 -244 -342 -219 -359 -192 -374 -164 -387 -136 -398 -106 -406 -76 -413 -46 -417 -15 -420 15 -420 46 -417 76 -413 106 -406 136 -398 164 -387 192 -374 219 -359 244 -342 269 -323 292 -302 313 -280 332 -257 350 -232 366 -206 380 -178 392 -150 402 -121 410 -91 416 -61 419 -31
33 816 155 0 152 29 144 58 130 84 112 107 90 126 64 141 37 151 7 155 -22 153 -51 146 -77 134 -102 117 -122 96 -138 71 -149 44 -154 15 -154 -15 -149 -44 -138 -71 -122 -96 -102 -117 -78 -134 -51 -146 -22 -153 7 -155 37 -151 64 -141 90 -126 112 -107 130 -84 144 -58 152 -29
94 4844 460 0 459 31 456 61 451 92 444 122 435 151 423 180 411 207 396 234 379 260 361 285 341 309 320 331 297 351 273 370 248 388 221 403 194 417 165 429 136 439 107 447 77 454 46 458 15 460 -15 460 -46 458 -77 454 -107 447 -136 439 -165 429 -194 417 -221 403 -248 388 -273 370 -297 351 -320 331 -341 309 -361 285 -379 260 -396 234 -411 207 -423 180 -435 151 -444 122 -451 92 -456 61 -459 31 -460 0 -459 -31 -456 -61 -451 -92 -444 -122 -435 -151 -423 -180 -411 -207 -396 -234 -379 -260 -361 -285 -341 -309 -320 -331 -297 -351 -273 -370 -248 -388 -221 -403 -194 -417 -165 -429 -136 -439 -107 -447 -77 -454 -46 -458 -15 -460 15 -460 46 -458 77 -454 107 -447 136 -439 165 -429 194 -417 221 -403 248 -388 273 -370 297 -351 320 -331 341 -309 361 -285 379 -260 396 -234 411 -207 423 -180 435 -151 444 -122 451 -92 456 -61 459 -31
67 3413 325 0 324 30 319 61 312 90 302 119 290 147 275 173 257 198 238 222 216 243 192 262 167 279 140 293 112 305 83 314 53 321 23 324 -8 325 -38 323 -68 318 -98 310 -126 300 -154 286 -180 271 -204 253 -227 232 -248 210 -266 186 -283 160 -296 133 -308 105 -316 75 -322 46 -325 15 -325 -15 -322 -46 -316 -75 -308 -105 -296 -133 -283 -160 -266 -186 -248 -210 -227 -232 -204 -253 -180 -271 -154 -286 -126 -300 -98 -310 -68 -318 -38 -323 -8 -325 23 -324 53 -321 83 -314 112 -305 140 -293 167 -279 192 -262 216 -243 238 -222 257 -198 275 -173 290 -147 302 -119 312 -90 319 -61 324 -30
15 7411 65 0 59 26 43 48 20 62 -7 65 -32 56 -53 38 -64 14 -64 -14 -53 -38 -33 -56 -7 -65 20 -62 43 -48 59 -26
66 8000 320 0 319 30 314 61 307 90 297 119 284 147 269 173 252 198 232 221 210 242 186 261 160 277 133 291 105 302 75 311 46 317 15 320 -15 320 -46 317 -75 311 -105 302 -133 291 -160 277 -186 261 -210 242 -232 221 -252 198 -269 173 -284 147 -297 119 -307 90 -314 61 -319 30 -320 0 -319 -30 -314 -61 -307 -90 -297 -119 -284 -147 -269 -173 -252 -198 -232 -221 -210 -242 -186 -261 -160 -277 -133 -291 -105 -302 -75 -311 -46 -317 -15 -320 15 -320 46 -317 75 -311 105 -302 133 -291 160 -277 186 -261 210 -242 232 -221 252 -198 269 -173 284 -147 297 -119 307 -90 314 -61 319 -30
3 8010 5 0 -2 4 -3 -4
79 1033 385 0 384 31 380 61 374 91 366 120 355 149 342 177 327 203 310 229 291 253 270 275 247 295 223 314 197 331 170 345 142 358 113 368 84 376 53 381 23 384 -8 385 -38 383 -69 379 -98 372 -128 363 -156 352 -184 338 -210 323 -235 305 -258 285 -280 264 -300 241 -319 216 -335 190 -349 163 -361 135 -370 106 -377 76 -382 46 -385 15 -385 -15 -382 -46 -377 -76 -370 -106 -361 -135 -349 -163 -335 -190 -319 -216 -300 -241 -280 -264 -258 -285 -235 -305 -210 -323 -184 -338 -156 -352 -128 -363 -98 -372 -69 -379 -38 -383 -8 -385 23 -384 53 -381 84 -376 113 -368 142 -358 170 -345 197 -331 223 -314 247 -295 270 -275 291 -253 310 -229 327 -203 342 -177 355 -149 366 -120 374 -91 380 -61 384 -31
7 6593 25 0 16 20 -6 24 -23 11 -23 -11 -6 -24 16 -20
18 7449 80 0 75 27 61 51 40 69 14 79 -14 79 -40 69 -61 51 -75 27 -80 0 -75 -27 -61 -51 -40 -69 -14 -79 14 -79 40 -69 61 -51 75 -27
88 3316 430 0 429 31 426 61 420 91 413 121 403 150 391 179 377 206 362 232 344 258 325 282 304 304 282 325 258 344 232 362 206 377 179 391 150 403 121 413 91 420 61 426 31 429 0 430 -31 429 -61 426 -91 420 -121 413 -150 403 -179 391 -206 377 -232 362 -258 344 -282 325 -304 304 -325 282 -344 258 -362 232 -377 206 -391 179 -403 150 -413 121 -420 91 -426 61 -429 31 -430 0 -429 -31 -426 -61 -420 -91 -413 -121 -403 -150 -391 -179 -377 -206 -362 -232 -344 -258 -325 -282 -304 -304 -282 -325 -258 -344 -232 -362 -206 -377 -179 -391 -150 -403 -121 -413 -91 -420 -61 -426 -31 -429 0 -430 31 -429 61 -426 91 -420 121 -413 150 -403 179 -391 206 -377 232 -362 258 -344 282 -325 304 -304 325 -282 344 -258 362 -232 377 -206 391 -179 403 -150 413 -121 420 -91 426 -61 429 -31
21 5807 95 0 91 28 78 54 59 74 35 88 7 95 -21 93 -48 82 -70 65 -86 41 -94 14 -94 -14 -86 -41 -70 -65 -47 -82 -21 -93 7 -95 35 -88 59 -74 78 -54 91 -28
60 8110 290 0 288 30 284 60 276 90 265 118 251 145 235 170 216 194 194 216 170 235 145 251 118 265 90 276 60 284 30 288 0 290 -30 288 -60 284 -90 276 -118 265 -145 251 -170 235 -194 216 -216 194 -235 170 -251 145 -265 118 -276 90 -284 60 -288 30 -290 0 -288 -30 -284 -60 -276 -90 -265 -118 -251 -145 -235 -170 -216 -194 -194 -216 -170 -235 -145 -251 -118 -265 -90 -276 -60 -284 -30 -288 0 -290 30 -288 60 -284 90 -276 118 -265 145 -251 170 -235 194 -216 216 -194 235 -170 251 -145 265 -118 276 -90 284 -60 288 -30
99 2015 485 0 484 31 481 61 476 92 469 122 461 151 450 180 438 208 424 236 408 262 391 288 372 312 351 335 329 356 306 376 281 395 256 412 229 428 201 441 173 453 144 463 114 471 84 478 54 482 23 484 -8 485 -38 483 -69 480 -99 475 -129 467 -159 458 -187 447 -215 435 -243 420 -269 404 -294 386 -318 367 -340 346 -361 323 -381 300 -399 275 -416 249 -431 222 -444 194 -456 166 -465 137 -473 107 -479 77 -483 46 -485 15 -485 -15 -483 -46 -479 -77 -473 -107 -465 -137 -456 -166 -444 -194 -431 -222 -416 -249 -399 -275 -381 -300 -361 -323 -340 -346 -318 -367 -294 -386 -269 -404 -242 -420 -215 -435 -187 -447 -159 -458 -129 -467 -99 -475 -69 -480 -38 -483 -8 -485 23 -484 54 -482 84 -478 114 -471 144 -463 173 -453 201 -441 229 -428 256 -412 281 -395 306 -376 329 -356 351 -335 372 -312 391 -288 408 -262 424 -236 438 -208 450 -180 461 -151 469 -122 476 -92 481 -61 484 -31
44 540 210 0 208 30 201 59 191 87 177 114 159 138 138 159 114 177 87 191 59 201 30 208 0 210 -30 208 -59 201 -87 191 -114 177 -138 159 -159 138 -177 114 -191 87 -201 59 -208 30 -210 0 -208 -30 -201 -59 -191 -87 -177 -114 -159 -138 -138 -159 -114 -177 -87 -191 -59 -201 -30 -208 0 -210 30 -208 59 -201 87 -191 114 -177 138 -159 159 -138 177 -114 191 -87 201 -59 208 -30
16 3906 70 0 65 27 49 49 27 65 0 70 -27 65 -49 49 -65 27 -70 0 -65 -27 -49 -49 -27 -65 0 -70 27 -65 49 -49 65 -27
51 7009 245 0 243 30 238 60 228 89 216 116 200 142 181 165 159 186 135 204 109 219 81 231 52 239 23 244 -8 245 -38 242 -67 236 -95 226 -122 212 -148 196 -171 176 -191 154 -208 129 -223 102 -233 74 -241 45 -245 15 -245 -15 -241 -45 -233 -74 -223 -102 -208 -129 -191 -154 -171 -176 -148 -196 -123 -212 -95 -226 -67 -236 -38 -242 -8 -245 23 -244 52 -239 81 -231 109 -219 135 -204 159 -186 181 -165 200 -142 216 -116 228 -89 238 -60 243 -30
71 7956 345 0 344 30 340 61 333 91 324 120 312 148 297 175 281 200 262 224 241 247 218 267 194 285 168 301 141 315 112 326 83 335 53 341 23 344 -8 345 -38 343 -68 338 -98 331 -127 321 -155 308 -181 294 -206 276 -230 257 -252 236 -272 213 -289 188 -305 161 -318 134 -329 105 -337 76 -342 46 -345 15 -345 -15 -342 -46 -337 -76 -329 -105 -318 -134 -305 -161 -289 -188 -272 -213 -252 -236 -230 -257 -206 -276 -181 -294 -155 -308 -127 -321 -98 -331 -68 -338 -38 -343 -8 -345 23 -344 53 -341 83 -335 112 -326 141 -315 168 -301 194 -285 218 -267 241 -247 262 -224 281 -200 297 -175 312 -148 324 -120 333 -91 340 -61 344 -30
69 3920 335 0 334 30 329 61 323 90 313 119 301 147 286 174 269 199 250 223 229 245 205 265 181 282 154 297 126 310 98 320 68 328 38 333 8 335 -23 334 -53 331 -83 325 -112 316 -140 304 -167 290 -193 274 -217 255 -240 234 -260 211 -278 187 -294 161 -307 133 -318 105 -326 76 -332 46 -335 15 -335 -15 -332 -46 -326 -76 -318 -105 -307 -133 -294 -161 -278 -187 -260 -211 -240 -234 -217 -255 -193 -274 -168 -290 -140 -304 -112 -316 -83 -325 -53 -331 -23 -334 8 -335 38 -333 68 -328 98 -320 126 -310 154 -297 181 -282 205 -265 229 -245 250 -223 269 -199 286 -174 301 -147 313 -119 323 -90 329 -61 334 -30
