382 7991
821
14 14
15 20
21 38
39 53
54 56
57 72
73 76
77 91
92 109
110 118
119 121
122 122
123 130
131 167
168 168
169 174
175 176
177 178
179 181
182 183
184 189
190 195
196 225
226 239
240 253
254 283
284 295
296 301
302 303
304 317
318 337
338 355
356 358
359 359
360 361
362 365
366 371
372 379
380 394
395 408
409 422
423 443
444 479
480 493
494 500
501 501
502 510
511 516
517 521
522 543
544 548
549 567
568 568
569 580
581 594
595 610
611 611
612 616
617 619
620 634
635 657
658 658
659 673
674 695
696 700
701 703
704 711
712 730
731 732
733 733
734 747
748 751
752 761
762 762
763 770
771 788
789 814
815 828
829 863
864 875
876 887
888 897
898 909
910 970
971 985
986 986
987 1001
1002 1024
1025 1092
1093 1094
1095 1095
1096 1118
1119 1129
1130 1133
1134 1138
1139 1150
1151 1155
1156 1160
1161 1165
1166 1190
1191 1200
1201 1202
1203 1205
1206 1259
1260 1276
1277 1291
1292 1293
1294 1296
1297 1304
1305 1323
1324 1324
1325 1328
1329 1344
1345 1362
1363 1366
1367 1378
1379 1393
1394 1404
1405 1468
1469 1492
1493 1510
1511 1524
1525 1525
1526 1542
1543 1546
1547 1576
1577 1593
1594 1611
1612 1629
1630 1655
1656 1664
1665 1669
1670 1678
1679 1687
1688 1692
1693 1734
1735 1746
1747 1781
1782 1810
1811 1822
1823 1832
1833 1845
1846 1846
1847 1849
1850 1867
1868 1879
1880 1884
1885 1913
1914 1922
1923 1923
1924 1926
1927 1949
1950 1955
1956 1962
1963 1993
1994 2013
2014 2025
2026 2037
2038 2091
2092 2093
2094 2100
2101 2102
2103 2108
2109 2114
2115 2135
2136 2152
2153 2170
2171 2172
2173 2176
2177 2185
2186 2203
2204 2225
2226 2233
2234 2235
2236 2237
2238 2249
2250 2256
2257 2265
2266 2270
2271 2300
2301 2302
2303 2307
2308 2312
2313 2326
2327 2331
2332 2338
2339 2360
2361 2378
2379 2380
2381 2395
2396 2396
2397 2401
2402 2403
2404 2425
2426 2448
2449 2451
2452 2452
2453 2463
2464 2475
2476 2479
2480 2483
2484 2493
2494 2495
2496 2498
2499 2531
2532 2532
2533 2545
2546 2546
2547 2556
2557 2563
2564 2571
2572 2593
2594 2617
2618 2629
2630 2631
2632 2633
2634 2658
2659 2661
2662 2663
2664 2716
2717 2755
2756 2765
2766 2792
2793 2796
2797 2816
2817 2819
2820 2827
2828 2829
2830 2838
2839 2846
2847 2857
2858 2863
2864 2869
2870 2874
2875 2879
2880 2897
2898 2907
2908 2909
2910 2928
2929 2933
2934 2934
2935 2946
2947 2959
2960 2963
2964 2968
2969 2977
2978 2979
2980 3000
3001 3036
3037 3070
3071 3084
3085 3089
3090 3094
3095 3099
3100 3111
3112 3113
3114 3116
3117 3138
3139 3195
3196 3202
3203 3213
3214 3229
3230 3232
3233 3248
3249 3252
3253 3271
3272 3284
3285 3287
3288 3296
3297 3304
3305 3355
3356 3360
3361 3377
3378 3384
3385 3393
3394 3396
3397 3417
3418 3426
3427 3452
3453 3453
3454 3455
3456 3474
3475 3499
3500 3504
3505 3507
3508 3510
3511 3522
3523 3525
3526 3544
3545 3552
3553 3553
3554 3559
3560 3567
3568 3572
3573 3573
3574 3576
3577 3580
3581 3587
3588 3649
3650 3650
3651 3651
3652 3652
3653 3656
3657 3673
3674 3701
3702 3719
3720 3731
3732 3739
3740 3754
3755 3755
3756 3764
3765 3778
3779 3805
3806 3820
3821 3823
3824 3850
3851 3855
3856 3868
3869 3907
3908 3916
3917 3931
3932 3971
3972 3974
3975 3979
3980 3995
3996 3997
3998 4006
4007 4055
4056 4065
4066 4075
4076 4077
4078 4086
4087 4087
4088 4109
4110 4110
4111 4122
4123 4133
4134 4134
4135 4136
4137 4152
4153 4180
4181 4196
4197 4214
4215 4215
4216 4216
4217 4218
4219 4224
4225 4228
4229 4244
4245 4285
4286 4292
4293 4316
4317 4344
4345 4350
4351 4383
4384 4385
4386 4391
4392 4394
4395 4401
4402 4402
4403 4404
4405 4429
4430 4436
4437 4451
4452 4488
4489 4514
4515 4572
4573 4577
4578 4624
4625 4625
4626 4629
4630 4645
4646 4664
4665 4668
4669 4677
4678 4678
4679 4690
4691 4697
4698 4702
4703 4720
4721 4725
4726 4731
4732 4747
4748 4760
4761 4766
4767 4776
4777 4784
4785 4788
4789 4791
4792 4794
4795 4798
4799 4801
4802 4818
4819 4845
4846 4852
4853 4868
4869 4883
4884 4889
4890 4907
4908 4910
4911 4922
4923 4949
4950 4951
4952 4954
4955 4962
4963 4974
4975 4979
4980 4980
4981 4989
4990 4990
4991 5011
5012 5017
5018 5018
5019 5029
5030 5045
5046 5046
5047 5071
5072 5083
5084 5097
5098 5099
5100 5117
5118 5122
5123 5127
5128 5139
5140 5153
5154 5176
5177 5187
5188 5192
5193 5204
5205 5215
5216 5216
5217 5224
5225 5259
5260 5260
5261 5302
5303 5311
5312 5322
5323 5328
5329 5334
5335 5335
5336 5337
5338 5358
5359 5381
5382 5407
5408 5410
5411 5420
5421 5436
5437 5437
5438 5441
5442 5443
5444 5449
5450 5459
5460 5464
5465 5468
5469 5470
5471 5478
5479 5498
5499 5509
5510 5512
5513 5514
5515 5526
5527 5529
5530 5530
5531 5532
5533 5539
5540 5541
5542 5551
5552 5556
5557 5564
5565 5570
5571 5574
5575 5575
5576 5579
5580 5580
5581 5582
5583 5605
5606 5623
5624 5627
5628 5628
5629 5629
5630 5648
5649 5681
5682 5682
5683 5685
5686 5693
5694 5719
5720 5720
5721 5733
5734 5741
5742 5754
5755 5777
5778 5784
5785 5796
5797 5798
5799 5822
5823 5837
5838 5838
5839 5865
5866 5870
5871 5873
5874 5877
5878 5879
5880 5882
5883 5885
5886 5915
5916 5922
5923 5932
5933 5943
5944 5966
5967 5988
5989 6026
6027 6037
6038 6042
6043 6052
6053 6053
6054 6054
6055 6068
6069 6082
6083 6091
6092 6125
6126 6126
6127 6137
6138 6148
6149 6194
6195 6196
6197 6217
6218 6232
6233 6239
6240 6256
6257 6259
6260 6274
6275 6283
6284 6292
6293 6323
6324 6324
6325 6331
6332 6373
6374 6387
6388 6436
6437 6446
6447 6461
6462 6481
6482 6487
6488 6493
6494 6500
6501 6524
6525 6529
6530 6531
6532 6580
6581 6651
6652 6662
6663 6664
6665 6665
6666 6669
6670 6705
6706 6706
6707 6750
6751 6765
6766 6775
6776 6783
6784 6787
6788 6793
6794 6799
6800 6803
6804 6818
6819 6822
6823 6828
6829 6831
6832 6850
6851 6852
6853 6864
6865 6868
6869 6900
6901 6910
6911 6936
6937 6966
6967 6987
6988 7020
7021 7032
7033 7038
7039 7039
7040 7063
7064 7076
7077 7121
7122 7135
7136 7137
7138 7147
7148 7179
7180 7180
7181 7182
7183 7183
7184 7189
7190 7219
7220 7271
7272 7280
7281 7289
7290 7294
7295 7331
7332 7357
7358 7375
7376 7382
7383 7387
7388 7397
7398 7408
7409 7440
7441 7443
7444 7455
7456 7458
7459 7460
7461 7467
7468 7510
7511 7518
7519 7528
7529 7529
7530 7538
7539 7579
7580 7611
7612 7620
7621 7623
7624 7632
7633 7639
7640 7643
7644 7645
7646 7648
7649 7651
7652 7662
7663 7671
7672 7685
7686 7715
7716 7736
7737 7738
7739 7739
7740 7769
7770 7783
7784 7797
7798 7800
7801 7801
7802 7853
7854 7862
7863 7865
7866 7875
7876 7896
7897 7906
7907 7918
7919 7920
7921 7939
7940 7941
7942 7948
7949 7971
7972 7979
7980 7981
7982 7984
7985 8000
8001 8009
8010 8012
8013 8016
8017 8017
8018 8043
8044 8064
8065 8068
8069 8071
8072 8075
8076 8102
8103 8138
8139 8141
8142 8143
8144 8152
8153 8155
8156 8157
8158 8159
8160 8180
8181 8184
8185 8188
8189 8206
8207 8211
8212 8213
8214 8218
8219 8219
8220 8221
8222 8235
8236 8237
8238 8249
8250 8254
8255 8258
8259 8275
8276 8298
8299 8333
8334 8336
8337 8356
8357 8373
8374 8374
8375 8391
8392 8395
8396 8398
8399 8403
8404 8408
8409 8433
8434 8436
8437 8444
8445 8471
8472 8479
8480 8499
8500 8538
8539 8547
8548 8548
8549 8562
8563 8572
8573 8579
8580 8592
8593 8600
8601 8625
8626 8628
8629 8654
8655 8679
8680 8692
8693 8695
8696 8710
8711 8716
8717 8726
8727 8729
8730 8743
8744 8757
8758 8759
8760 8779
8780 8799
8800 8805
8806 8816
8817 8817
8818 8824
8825 8845
8846 8847
8848 8875
8876 8902
8903 8913
8914 8921
8922 8964
8965 8971
8972 8975
8976 9000
9001 9024
9025 9060
9061 9061
9062 9086
9087 9107
9108 9123
9124 9130
9131 9178
9179 9180
9181 9189
9190 9206
9207 9207
9208 9215
9216 9217
9218 9220
9221 9225
9226 9228
9229 9230
9231 9235
9236 9236
9237 9244
9245 9250
9251 9263
9264 9271
9272 9277
9278 9281
9282 9291
9292 9311
9312 9314
9315 9315
9316 9319
9320 9349
9350 9366
9367 9387
9388 9389
9390 9394
9395 9398
9399 9400
9401 9412
9413 9416
9417 9426
9427 9436
9437 9441
9442 9445
9446 9448
9449 9461
9462 9470
9471 9481
9482 9527
9528 9537
9538 9539
9540 9547
9548 9554
9555 9556
9557 9566
9567 9597
9598 9603
9604 9614
9615 9617
9618 9632
9633 9633
9634 9635
9636 9641
9642 9655
9656 9656
9657 9665
9666 9672
9673 9733
9734 9734
9735 9735
9736 9754
9755 9756
9757 9779
9780 9828
9829 9830
9831 9869
9870 9886
9887 9890
9891 9914
9915 9964
9965 9965
9966 9968
