343 8697
638
3 9
10 17
18 23
24 36
37 66
67 78
79 105
106 123
124 132
133 155
156 182
183 187
188 188
189 195
196 210
211 217
218 231
232 232
233 233
234 250
251 251
252 267
268 270
271 283
284 290
291 305
306 315
316 318
319 319
320 334
335 358
359 388
389 427
428 449
450 474
475 484
485 486
487 488
489 497
498 505
506 517
518 544
545 547
548 567
568 580
581 584
585 588
589 603
604 611
612 615
616 624
625 625
626 629
630 643
644 658
659 673
674 676
677 698
699 705
706 716
717 724
725 749
750 751
752 786
787 792
793 823
824 831
832 837
838 859
860 874
875 875
876 888
889 899
900 931
932 937
938 1010
1011 1013
1014 1040
1041 1110
1111 1130
1131 1148
1149 1163
1164 1177
1178 1221
1222 1227
1228 1245
1246 1249
1250 1263
1264 1264
1265 1274
1275 1292
1293 1293
1294 1312
1313 1327
1328 1365
1366 1367
1368 1368
1369 1369
1370 1387
1388 1406
1407 1428
1429 1438
1439 1473
1474 1506
1507 1596
1597 1627
1628 1669
1670 1676
1677 1681
1682 1691
1692 1692
1693 1705
1706 1753
1754 1758
1759 1794
1795 1827
1828 1838
1839 1842
1843 1843
1844 1872
1873 1882
1883 1887
1888 1938
1939 1940
1941 1947
1948 1966
1967 1974
1975 1980
1981 1988
1989 2017
2018 2036
2037 2039
2040 2109
2110 2140
2141 2141
2142 2153
2154 2162
2163 2181
2182 2195
2196 2216
2217 2232
2233 2246
2247 2261
2262 2262
2263 2268
2269 2271
2272 2283
2284 2299
2300 2310
2311 2326
2327 2370
2371 2375
2376 2382
2383 2401
2402 2408
2409 2409
2410 2430
2431 2446
2447 2451
2452 2458
2459 2460
2461 2483
2484 2490
2491 2491
2492 2494
2495 2502
2503 2506
2507 2515
2516 2516
2517 2521
2522 2535
2536 2543
2544 2565
2566 2575
2576 2597
2598 2610
2611 2611
2612 2618
2619 2640
2641 2642
2643 2646
2647 2649
2650 2652
2653 2673
2674 2701
2702 2718
2719 2753
2754 2763
2764 2770
2771 2774
2775 2776
2777 2781
2782 2784
2785 2788
2789 2827
2828 2844
2845 2855
2856 2926
2927 2930
2931 2958
2959 2988
2989 2998
2999 3013
3014 3028
3029 3034
3035 3051
3052 3056
3057 3066
3067 3067
3068 3109
3110 3182
3183 3224
3225 3229
3230 3233
3234 3234
3235 3242
3243 3243
3244 3245
3246 3247
3248 3263
3264 3275
3276 3279
3280 3281
3282 3298
3299 3314
3315 3318
3319 3322
3323 3347
3348 3365
3366 3366
3367 3387
3388 3414
3415 3427
3428 3432
3433 3435
3436 3436
3437 3458
3459 3463
3464 3477
3478 3482
3483 3499
3500 3502
3503 3536
3537 3560
3561 3590
3591 3599
3600 3621
3622 3627
3628 3637
3638 3665
3666 3666
3667 3676
3677 3677
3678 3686
3687 3702
3703 3734
3735 3745
3746 3759
3760 3765
3766 3781
3782 3806
3807 3818
3819 3842
3843 3845
3846 3869
3870 3880
3881 3885
3886 3892
3893 3918
3919 3920
3921 3931
3932 3948
3949 3955
3956 3972
3973 4010
4011 4077
4078 4090
4091 4096
4097 4105
4106 4108
4109 4140
4141 4196
4197 4214
4215 4222
4223 4255
4256 4256
4257 4307
4308 4311
4312 4315
4316 4318
4319 4363
4364 4396
4397 4406
4407 4417
4418 4433
4434 4456
4457 4457
4458 4461
4462 4484
4485 4498
4499 4515
4516 4520
4521 4525
4526 4624
4625 4626
4627 4632
4633 4634
4635 4664
4665 4696
4697 4699
4700 4706
4707 4738
4739 4794
4795 4816
4817 4824
4825 4842
4843 4859
4860 4863
4864 4864
4865 4932
4933 4934
4935 4940
4941 4959
4960 4991
4992 5000
5001 5003
5004 5023
5024 5043
5044 5047
5048 5050
5051 5058
5059 5112
5113 5113
5114 5117
5118 5133
5134 5139
5140 5179
5180 5185
5186 5197
5198 5201
5202 5205
5206 5225
5226 5241
5242 5246
5247 5251
5252 5264
5265 5321
5322 5327
5328 5367
5368 5375
5376 5388
5389 5444
5445 5449
5450 5459
5460 5463
5464 5468
5469 5480
5481 5511
5512 5531
5532 5571
5572 5581
5582 5583
5584 5584
5585 5656
5657 5673
5674 5674
5675 5704
5705 5711
5712 5720
5721 5721
5722 5733
5734 5751
5752 5752
5753 5770
5771 5776
5777 5806
5807 5848
5849 5908
5909 5919
5920 5932
5933 5961
5962 5964
5965 5973
5974 6002
6003 6031
6032 6034
6035 6035
6036 6045
6046 6067
6068 6092
6093 6102
6103 6112
6113 6123
6124 6133
6134 6137
6138 6182
6183 6216
6217 6240
6241 6268
6269 6269
6270 6274
6275 6290
6291 6291
6292 6297
6298 6298
6299 6316
6317 6322
6323 6323
6324 6337
6338 6376
6377 6378
6379 6389
6390 6391
6392 6397
6398 6399
6400 6405
6406 6467
6468 6476
6477 6478
6479 6491
6492 6564
6565 6572
6573 6597
6598 6637
6638 6645
6646 6650
6651 6663
6664 6675
6676 6699
6700 6713
6714 6743
6744 6745
6746 6759
6760 6815
6816 6825
6826 6828
6829 6855
6856 6868
6869 6880
6881 6887
6888 6935
6936 6957
6958 6962
6963 6987
6988 7028
7029 7031
7032 7049
7050 7056
7057 7061
7062 7080
7081 7088
7089 7098
7099 7104
7105 7114
7115 7117
7118 7158
7159 7160
7161 7175
7176 7176
7177 7179
7180 7200
7201 7214
7215 7236
7237 7241
7242 7276
7277 7307
7308 7342
7343 7353
7354 7359
7360 7379
7380 7413
7414 7418
7419 7419
7420 7425
7426 7431
7432 7433
7434 7469
7470 7476
7477 7481
7482 7500
7501 7502
7503 7503
7504 7527
7528 7539
7540 7569
7570 7599
7600 7600
7601 7633
7634 7635
7636 7675
7676 7677
7678 7701
7702 7706
7707 7707
7708 7733
7734 7751
7752 7763
7764 7778
7779 7788
7789 7797
7798 7809
7810 7830
7831 7846
7847 7847
7848 7860
7861 7880
7881 7889
7890 7900
7901 7920
7921 7998
7999 8007
8008 8071
8072 8089
8090 8091
8092 8101
8102 8102
8103 8108
8109 8120
8121 8130
8131 8159
8160 8231
8232 8237
8238 8244
8245 8267
8268 8277
8278 8283
8284 8298
8299 8309
8310 8311
8312 8312
8313 8331
8332 8334
8335 8360
8361 8373
8374 8402
8403 8420
8421 8428
8429 8430
8431 8449
8450 8463
8464 8468
8469 8494
8495 8504
8505 8515
8516 8538
8539 8568
8569 8589
8590 8616
8617 8629
8630 8648
8649 8664
8665 8693
8694 8732
8733 8749
8750 8759
8760 8761
8762 8767
8768 8793
8794 8795
8796 8798
8799 8800
8801 8831
8832 8850
8851 8861
8862 8870
8871 8909
8910 8934
8935 8951
8952 8962
8963 8991
8992 9019
9020 9032
9033 9064
9065 9067
9068 9080
9081 9081
9082 9086
9087 9095
9096 9112
9113 9125
9126 9131
9132 9164
9165 9167
9168 9180
9181 9187
9188 9195
9196 9201
9202 9202
9203 9215
9216 9217
9218 9218
9219 9234
9235 9244
9245 9251
9252 9264
9265 9283
9284 9294
9295 9314
9315 9343
9344 9399
9400 9404
9405 9406
9407 9409
9410 9442
9443 9453
9454 9455
9456 9481
9482 9486
9487 9487
9488 9519
9520 9545
9546 9581
9582 9586
9587 9590
9591 9596
9597 9608
9609 9631
9632 9635
9636 9640
9641 9641
9642 9663
9664 9674
9675 9675
9676 9690
9691 9697
9698 9710
9711 9723
9724 9753
9754 9777
9778 9788
9789 9806
9807 9865
9866 9902
9903 9906
9907 9929
9930 9967
9968 9971
9972 9997
