314 2711
507
23 25
26 40
41 53
54 69
70 77
78 81
82 140
141 174
175 216
217 260
261 270
271 287
288 288
289 297
298 383
384 411
412 418
419 436
437 462
463 501
502 549
550 613
614 638
639 659
660 661
662 698
699 723
724 726
727 752
753 781
782 785
786 801
802 822
823 870
871 919
920 935
936 952
953 994
995 1046
1047 1057
1058 1091
1092 1093
1094 1104
1105 1106
1107 1109
1110 1111
1112 1151
1152 1153
1154 1155
1156 1195
1196 1223
1224 1228
1229 1263
1264 1270
1271 1278
1279 1280
1281 1322
1323 1324
1325 1325
1326 1345
1346 1368
1369 1412
1413 1424
1425 1450
1451 1460
1461 1466
1467 1481
1482 1487
1488 1491
1492 1520
1521 1536
1537 1548
1549 1598
1599 1620
1621 1692
1693 1727
1728 1740
1741 1768
1769 1788
1789 1806
1807 1817
1818 1823
1824 1880
1881 1928
1929 1936
1937 1956
1957 2006
2007 2046
2047 2050
2051 2053
2054 2071
2072 2084
2085 2105
2106 2142
2143 2158
2159 2183
2184 2201
2202 2210
2211 2212
2213 2219
2220 2247
2248 2272
2273 2302
2303 2304
2305 2307
2308 2315
2316 2317
2318 2334
2335 2375
2376 2402
2403 2437
2438 2453
2454 2461
2462 2480
2481 2499
2500 2503
2504 2544
2545 2568
2569 2574
2575 2600
2601 2615
2616 2649
2650 2682
2683 2697
2698 2711
2712 2740
2741 2742
2743 2744
2745 2783
2784 2836
2837 2846
2847 2852
2853 2880
2881 2885
2886 2905
2906 2932
2933 2943
2944 2953
2954 3027
3028 3034
3035 3043
3044 3045
3046 3046
3047 3074
3075 3080
3081 3085
3086 3108
3109 3151
3152 3160
3161 3168
3169 3208
3209 3224
3225 3231
3232 3267
3268 3285
3286 3313
3314 3330
3331 3355
3356 3370
3371 3385
3386 3415
3416 3419
3420 3428
3429 3447
3448 3448
3449 3464
3465 3480
3481 3482
3483 3502
3503 3513
3514 3562
3563 3602
3603 3619
3620 3627
3628 3638
3639 3649
3650 3655
3656 3659
3660 3662
3663 3691
3692 3692
3693 3701
3702 3702
3703 3704
3705 3723
3724 3740
3741 3765
3766 3842
3843 3853
3854 3858
3859 3871
3872 3884
3885 3908
3909 3920
3921 3991
3992 4012
4013 4025
4026 4048
4049 4049
4050 4052
4053 4084
4085 4126
4127 4152
4153 4208
4209 4229
4230 4252
4253 4262
4263 4267
4268 4279
4280 4284
4285 4291
4292 4293
4294 4299
4300 4321
4322 4351
4352 4372
4373 4422
4423 4430
4431 4434
4435 4472
4473 4476
4477 4486
4487 4501
4502 4566
4567 4582
4583 4593
4594 4617
4618 4626
4627 4644
4645 4695
4696 4704
4705 4718
4719 4724
4725 4785
4786 4800
4801 4804
4805 4838
4839 4843
4844 4879
4880 4880
4881 4943
4944 4995
4996 5013
5014 5049
5050 5050
5051 5068
5069 5101
5102 5130
5131 5163
5164 5167
5168 5169
5170 5171
5172 5176
5177 5186
5187 5199
5200 5227
5228 5270
5271 5273
5274 5297
5298 5334
5335 5351
5352 5359
5360 5362
5363 5379
5380 5382
5383 5387
5388 5423
5424 5432
5433 5446
5447 5470
5471 5487
5488 5511
5512 5535
5536 5544
5545 5573
5574 5603
5604 5657
5658 5663
5664 5676
5677 5695
5696 5705
5706 5708
5709 5736
5737 5770
5771 5781
5782 5829
5830 5944
5945 5948
5949 5966
5967 5988
5989 5990
5991 5996
5997 5997
5998 6002
6003 6056
6057 6059
6060 6072
6073 6089
6090 6134
6135 6155
6156 6165
6166 6167
6168 6198
6199 6201
6202 6222
6223 6229
6230 6243
6244 6253
6254 6257
6258 6272
6273 6353
6354 6375
6376 6382
6383 6396
6397 6420
6421 6422
6423 6490
6491 6494
6495 6510
6511 6519
6520 6536
6537 6537
6538 6571
6572 6582
6583 6587
6588 6595
6596 6609
6610 6623
6624 6639
6640 6661
6662 6715
6716 6732
6733 6733
6734 6847
6848 6852
6853 6858
6859 6859
6860 6883
6884 6912
6913 6936
6937 6945
6946 6946
6947 6958
6959 6959
6960 6962
6963 6982
6983 7000
7001 7012
7013 7022
7023 7030
7031 7053
7054 7059
7060 7065
7066 7140
7141 7158
7159 7170
7171 7178
7179 7204
7205 7277
7278 7310
7311 7317
7318 7321
7322 7384
7385 7390
7391 7397
7398 7418
7419 7453
7454 7463
7464 7469
7470 7478
7479 7485
7486 7510
7511 7541
7542 7548
7549 7571
7572 7572
7573 7576
7577 7609
7610 7618
7619 7625
7626 7675
7676 7709
7710 7726
7727 7752
7753 7764
7765 7771
7772 7797
7798 7859
7860 7860
7861 7869
7870 7892
7893 7945
7946 7974
7975 8001
8002 8007
8008 8030
8031 8052
8053 8085
8086 8094
8095 8106
8107 8145
8146 8149
8150 8153
8154 8185
8186 8187
8188 8239
8240 8245
8246 8258
8259 8282
8283 8298
8299 8299
8300 8301
8302 8329
8330 8347
8348 8401
8402 8442
8443 8487
8488 8488
8489 8521
8522 8560
8561 8562
8563 8584
8585 8601
8602 8612
8613 8617
8618 8619
8620 8629
8630 8665
8666 8704
8705 8720
8721 8730
8731 8735
8736 8737
8738 8756
8757 8777
8778 8788
8789 8803
8804 8821
8822 8838
8839 8843
8844 8862
8863 8867
8868 8881
8882 8912
8913 8914
8915 8929
8930 8960
8961 8977
8978 8978
8979 8979
8980 8993
8994 9014
9015 9043
9044 9064
9065 9085
9086 9093
9094 9114
9115 9141
9142 9158
9159 9159
9160 9199
9200 9213
9214 9219
9220 9228
9229 9247
9248 9263
9264 9275
9276 9282
9283 9305
9306 9341
9342 9343
9344 9347
9348 9399
9400 9401
9402 9402
9403 9406
9407 9421
9422 9432
9433 9437
9438 9497
9498 9498
9499 9527
9528 9528
9529 9531
9532 9537
9538 9573
9574 9592
9593 9621
9622 9658
9659 9674
9675 9679
9680 9683
9684 9685
9686 9686
9687 9688
9689 9733
9734 9854
9855 9871
9872 9900
9901 9903
9904 9905
9906 9908
9909 9927
9928 9959
9960 9960
9961 9981
9982 9985
