126 5238
970
8 11
12 13
14 18
19 22
23 27
28 34
35 43
44 61
62 79
80 96
97 105
106 109
110 111
112 119
120 120
121 125
126 128
129 142
143 212
213 215
216 221
222 223
224 225
226 241
242 246
247 253
254 258
259 284
285 290
291 293
294 294
295 297
298 312
313 322
323 325
326 328
329 365
366 393
394 409
410 410
411 425
426 436
437 438
439 461
462 463
464 472
473 495
496 499
500 559
560 564
565 589
590 601
602 621
622 642
643 654
655 659
660 696
697 712
713 736
737 740
741 745
746 775
776 805
806 809
810 810
811 829
830 830
831 831
832 833
834 843
844 844
845 845
846 860
861 872
873 888
889 901
902 902
903 914
915 935
936 940
941 942
943 943
944 960
961 969
970 984
985 989
990 993
994 1013
1014 1022
1023 1046
1047 1054
1055 1065
1066 1075
1076 1089
1090 1092
1093 1097
1098 1104
1105 1109
1110 1124
1125 1132
1133 1133
1134 1161
1162 1173
1174 1175
1176 1179
1180 1189
1190 1213
1214 1219
1220 1231
1232 1236
1237 1243
1244 1260
1261 1267
1268 1268
1269 1282
1283 1296
1297 1311
1312 1335
1336 1346
1347 1347
1348 1368
1369 1369
1370 1371
1372 1373
1374 1377
1378 1383
1384 1385
1386 1394
1395 1402
1403 1406
1407 1419
1420 1424
1425 1429
1430 1442
1443 1448
1449 1450
1451 1464
1465 1470
1471 1494
1495 1501
1502 1504
1505 1508
1509 1542
1543 1550
1551 1598
1599 1599
1600 1600
1601 1602
1603 1608
1609 1609
1610 1610
1611 1617
1618 1648
1649 1649
1650 1652
1653 1659
1660 1670
1671 1673
1674 1696
1697 1721
1722 1723
1724 1732
1733 1764
1765 1765
1766 1769
1770 1773
1774 1778
1779 1785
1786 1794
1795 1801
1802 1805
1806 1806
1807 1808
1809 1828
1829 1841
1842 1845
1846 1857
1858 1863
1864 1869
1870 1894
1895 1916
1917 1919
1920 1943
1944 1955
1956 1961
1962 1968
1969 1978
1979 1980
1981 1981
1982 1988
1989 2003
2004 2031
2032 2042
2043 2050
2051 2053
2054 2054
2055 2056
2057 2063
2064 2068
2069 2084
2085 2109
2110 2116
2117 2129
2130 2130
2131 2139
2140 2153
2154 2154
2155 2165
2166 2169
2170 2197
2198 2205
2206 2224
2225 2236
2237 2245
2246 2250
2251 2259
2260 2274
2275 2278
2279 2286
2287 2296
2297 2304
2305 2317
2318 2340
2341 2352
2353 2360
2361 2362
2363 2366
2367 2372
2373 2375
2376 2385
2386 2405
2406 2414
2415 2430
2431 2445
2446 2446
2447 2465
2466 2496
2497 2498
2499 2529
2530 2531
2532 2557
2558 2558
2559 2559
2560 2576
2577 2577
2578 2581
2582 2586
2587 2589
2590 2594
2595 2609
2610 2637
2638 2639
2640 2650
2651 2651
2652 2661
2662 2689
2690 2697
2698 2703
2704 2709
2710 2712
2713 2723
2724 2725
2726 2726
2727 2736
2737 2737
2738 2743
2744 2747
2748 2748
2749 2755
2756 2756
2757 2766
2767 2776
2777 2782
2783 2798
2799 2801
2802 2813
2814 2835
2836 2846
2847 2868
2869 2875
2876 2893
2894 2898
2899 2912
2913 2937
2938 2947
2948 2959
2960 2961
2962 2991
2992 2993
2994 3002
3003 3003
3004 3018
3019 3024
3025 3033
3034 3037
3038 3046
3047 3049
3050 3056
3057 3072
3073 3074
3075 3083
3084 3084
3085 3099
3100 3122
3123 3130
3131 3152
3153 3156
3157 3170
3171 3186
3187 3193
3194 3194
3195 3212
3213 3216
3217 3231
3232 3251
3252 3253
3254 3261
3262 3266
3267 3303
3304 3310
3311 3344
3345 3349
3350 3378
3379 3384
3385 3406
3407 3415
3416 3420
3421 3423
3424 3428
3429 3436
3437 3456
3457 3465
3466 3467
3468 3494
3495 3511
3512 3529
3530 3539
3540 3571
3572 3583
3584 3586
3587 3592
3593 3595
3596 3601
3602 3607
3608 3611
3612 3613
3614 3619
3620 3632
3633 3633
3634 3643
3644 3647
3648 3652
3653 3656
3657 3658
3659 3665
3666 3670
3671 3677
3678 3688
3689 3704
3705 3706
3707 3734
3735 3743
3744 3756
3757 3767
3768 3774
3775 3777
3778 3809
3810 3824
3825 3828
3829 3831
3832 3832
3833 3854
3855 3863
3864 3877
3878 3886
3887 3889
3890 3905
3906 3911
3912 3936
3937 3955
3956 3956
3957 3958
3959 3959
3960 3970
3971 3981
3982 3992
3993 3995
3996 4000
4001 4001
4002 4011
4012 4028
4029 4043
4044 4068
4069 4069
4070 4075
4076 4120
4121 4123
4124 4153
4154 4173
4174 4180
4181 4198
4199 4225
4226 4248
4249 4269
4270 4274
4275 4284
4285 4288
4289 4295
4296 4299
4300 4301
4302 4311
4312 4325
4326 4337
4338 4346
4347 4353
4354 4354
4355 4360
4361 4380
4381 4381
4382 4393
4394 4411
4412 4420
4421 4421
4422 4424
4425 4449
4450 4463
4464 4480
4481 4492
4493 4510
4511 4535
4536 4539
4540 4546
4547 4552
4553 4554
4555 4559
4560 4566
4567 4570
4571 4583
4584 4593
4594 4598
4599 4601
4602 4611
4612 4612
4613 4616
4617 4631
4632 4638
4639 4645
4646 4648
4649 4653
4654 4667
4668 4678
4679 4683
4684 4704
4705 4707
4708 4732
4733 4744
4745 4750
4751 4752
4753 4758
4759 4790
4791 4799
4800 4804
4805 4806
4807 4813
4814 4824
4825 4827
4828 4830
4831 4834
4835 4837
4838 4840
4841 4842
4843 4845
4846 4856
4857 4877
4878 4887
4888 4902
4903 4961
4962 4968
4969 4987
4988 4988
4989 4989
4990 5034
5035 5055
5056 5063
5064 5082
5083 5101
5102 5105
5106 5108
5109 5113
5114 5127
5128 5128
5129 5132
5133 5136
5137 5145
5146 5163
5164 5184
5185 5200
5201 5206
5207 5216
5217 5225
5226 5240
5241 5243
5244 5260
5261 5266
5267 5269
5270 5275
5276 5312
5313 5345
5346 5350
5351 5358
5359 5368
5369 5385
5386 5397
5398 5407
5408 5435
5436 5479
5480 5480
5481 5504
5505 5524
5525 5541
5542 5548
5549 5564
5565 5565
5566 5576
5577 5586
5587 5599
5600 5606
5607 5608
5609 5626
5627 5634
5635 5639
5640 5650
5651 5652
5653 5666
5667 5681
5682 5683
5684 5689
5690 5725
5726 5753
5754 5754
5755 5759
5760 5764
5765 5775
5776 5791
5792 5797
5798 5801
5802 5809
5810 5813
5814 5816
5817 5834
5835 5843
5844 5845
5846 5854
5855 5875
5876 5883
5884 5885
5886 5886
5887 5897
5898 5906
5907 5915
5916 5938
5939 5942
5943 5945
5946 5949
5950 5952
5953 5967
5968 5981
5982 6017
6018 6019
6020 6035
6036 6074
6075 6079
6080 6115
6116 6117
6118 6125
6126 6133
6134 6139
6140 6141
6142 6153
6154 6157
6158 6167
6168 6171
6172 6184
6185 6196
6197 6201
6202 6234
6235 6235
6236 6243
6244 6245
6246 6270
6271 6273
6274 6279
6280 6295
6296 6298
6299 6311
6312 6322
6323 6329
6330 6347
6348 6348
6349 6350
6351 6352
6353 6353
6354 6368
6369 6371
6372 6373
6374 6380
6381 6386
6387 6394
6395 6395
6396 6400
6401 6410
6411 6414
6415 6435
6436 6445
6446 6447
6448 6466
6467 6480
6481 6483
6484 6485
6486 6492
6493 6495
6496 6500
6501 6502
6503 6505
6506 6509
6510 6510
6511 6513
6514 6522
6523 6523
6524 6552
6553 6566
6567 6568
6569 6571
6572 6573
6574 6581
6582 6589
6590 6607
6608 6610
6611 6649
6650 6650
6651 6651
6652 6652
6653 6654
6655 6682
6683 6685
6686 6691
6692 6700
6701 6709
6710 6743
6744 6745
6746 6759
6760 6788
6789 6789
6790 6790
6791 6809
6810 6811
6812 6847
6848 6855
6856 6877
6878 6881
6882 6885
6886 6902
6903 6905
6906 6914
6915 6940
6941 6943
6944 6947
6948 6952
6953 6953
6954 6966
6967 6973
6974 6996
6997 7008
7009 7011
7012 7030
7031 7034
7035 7036
7037 7046
7047 7054
7055 7057
7058 7058
7059 7065
7066 7066
7067 7077
7078 7079
7080 7095
7096 7116
7117 7125
7126 7126
7127 7130
7131 7132
7133 7133
7134 7150
7151 7155
7156 7165
7166 7168
7169 7182
7183 7193
7194 7206
7207 7213
7214 7221
7222 7233
7234 7234
7235 7235
7236 7258
7259 7259
7260 7260
7261 7261
7262 7270
7271 7298
7299 7306
7307 7316
7317 7319
7320 7324
7325 7325
7326 7345
7346 7351
7352 7353
7354 7366
7367 7389
7390 7394
7395 7398
7399 7405
7406 7421
7422 7424
7425 7427
7428 7432
7433 7456
7457 7459
7460 7469
7470 7483
7484 7485
7486 7489
7490 7491
7492 7494
7495 7499
7500 7518
7519 7533
7534 7534
7535 7553
7554 7574
7575 7610
7611 7619
7620 7627
7628 7634
7635 7635
7636 7653
7654 7667
7668 7676
7677 7691
7692 7699
7700 7701
7702 7702
7703 7727
7728 7742
7743 7744
7745 7749
7750 7750
7751 7764
7765 7774
7775 7790
7791 7795
7796 7811
7812 7815
7816 7822
7823 7834
7835 7835
7836 7836
7837 7839
7840 7840
7841 7842
7843 7857
7858 7881
7882 7890
7891 7891
7892 7892
7893 7898
7899 7907
7908 7908
7909 7917
7918 7933
7934 7952
7953 7969
7970 7978
7979 8006
8007 8017
8018 8053
8054 8058
8059 8083
8084 8119
8120 8120
8121 8132
8133 8154
8155 8157
8158 8177
8178 8183
8184 8207
8208 8209
8210 8217
8218 8252
8253 8278
8279 8280
8281 8283
8284 8294
8295 8295
8296 8300
8301 8332
8333 8336
8337 8368
8369 8374
8375 8384
8385 8391
8392 8394
8395 8410
8411 8415
8416 8425
8426 8427
8428 8446
8447 8455
8456 8457
8458 8465
8466 8467
8468 8469
8470 8470
8471 8475
8476 8478
8479 8487
8488 8503
8504 8523
8524 8524
8525 8529
8530 8534
8535 8556
8557 8565
8566 8598
8599 8602
8603 8607
8608 8610
8611 8620
8621 8640
8641 8647
8648 8655
8656 8657
8658 8671
8672 8674
8675 8681
8682 8682
8683 8683
8684 8695
8696 8702
8703 8706
8707 8730
8731 8737
8738 8757
8758 8766
8767 8772
8773 8773
8774 8802
8803 8806
8807 8837
8838 8846
8847 8862
8863 8874
8875 8875
8876 8917
8918 8924
8925 8930
8931 8943
8944 8951
8952 8956
8957 8961
8962 8980
8981 8993
8994 8995
8996 9002
9003 9007
9008 9010
9011 9014
9015 9038
9039 9080
9081 9083
9084 9098
9099 9104
9105 9108
9109 9120
9121 9128
9129 9147
9148 9159
9160 9167
9168 9170
9171 9187
9188 9197
9198 9200
9201 9203
9204 9208
9209 9211
9212 9221
9222 9234
9235 9243
9244 9246
9247 9251
9252 9272
9273 9305
9306 9307
9308 9308
9309 9318
9319 9319
9320 9331
9332 9336
9337 9350
9351 9353
9354 9359
9360 9368
9369 9382
9383 9385
9386 9396
9397 9407
9408 9424
9425 9434
9435 9463
9464 9464
9465 9468
9469 9472
9473 9474
9475 9482
9483 9496
9497 9504
9505 9509
9510 9513
9514 9532
9533 9533
9534 9543
9544 9556
9557 9572
9573 9576
9577 9592
9593 9602
9603 9617
9618 9622
9623 9648
9649 9651
9652 9652
9653 9660
9661 9670
9671 9682
9683 9692
9693 9697
9698 9707
9708 9716
9717 9722
9723 9731
9732 9739
9740 9755
9756 9763
9764 9774
9775 9783
9784 9812
9813 9815
9816 9823
9824 9841
9842 9860
9861 9872
9873 9880
9881 9881
9882 9892
9893 9928
9929 9938
9939 9985
9986 9992
9993 9995
