72 9657
758
2 4
5 39
40 60
61 62
63 65
66 86
87 89
90 102
103 119
120 126
127 132
133 167
168 177
178 178
179 182
183 202
203 217
218 279
280 296
297 305
306 323
324 331
332 361
362 376
377 379
380 388
389 396
397 405
406 414
415 422
423 450
451 465
466 469
470 489
490 496
497 507
508 509
510 516
517 529
530 549
550 556
557 565
566 566
567 585
586 608
609 622
623 635
636 669
670 673
674 676
677 695
696 721
722 727
728 732
733 738
739 739
740 764
765 769
770 808
809 814
815 827
828 846
847 848
849 853
854 870
871 888
889 913
914 915
916 918
919 939
940 970
971 988
989 1014
1015 1021
1022 1023
1024 1026
1027 1031
1032 1044
1045 1047
1048 1071
1072 1081
1082 1094
1095 1149
1150 1164
1165 1167
1168 1178
1179 1207
1208 1214
1215 1245
1246 1255
1256 1266
1267 1278
1279 1279
1280 1282
1283 1293
1294 1300
1301 1329
1330 1352
1353 1363
1364 1368
1369 1372
1373 1386
1387 1395
1396 1418
1419 1429
1430 1449
1450 1460
1461 1466
1467 1480
1481 1482
1483 1491
1492 1497
1498 1507
1508 1508
1509 1510
1511 1534
1535 1560
1561 1578
1579 1601
1602 1602
1603 1615
1616 1631
1632 1641
1642 1658
1659 1662
1663 1668
1669 1677
1678 1691
1692 1693
1694 1700
1701 1701
1702 1718
1719 1731
1732 1734
1735 1739
1740 1742
1743 1759
1760 1768
1769 1770
1771 1788
1789 1803
1804 1815
1816 1841
1842 1842
1843 1895
1896 1924
1925 1935
1936 1957
1958 1976
1977 2009
2010 2031
2032 2048
2049 2060
2061 2064
2065 2087
2088 2092
2093 2095
2096 2099
2100 2104
2105 2108
2109 2111
2112 2120
2121 2150
2151 2173
2174 2186
2187 2210
2211 2217
2218 2261
2262 2313
2314 2314
2315 2315
2316 2331
2332 2340
2341 2371
2372 2383
2384 2394
2395 2399
2400 2403
2404 2404
2405 2415
2416 2427
2428 2441
2442 2449
2450 2457
2458 2485
2486 2486
2487 2493
2494 2513
2514 2541
2542 2545
2546 2549
2550 2561
2562 2566
2567 2572
2573 2616
2617 2635
2636 2651
2652 2654
2655 2661
2662 2669
2670 2682
2683 2686
2687 2699
2700 2712
2713 2713
2714 2735
2736 2737
2738 2746
2747 2778
2779 2793
2794 2795
2796 2814
2815 2835
2836 2838
2839 2847
2848 2854
2855 2855
2856 2871
2872 2879
2880 2897
2898 2909
2910 2916
2917 3002
3003 3011
3012 3019
3020 3114
3115 3117
3118 3142
3143 3157
3158 3158
3159 3170
3171 3209
3210 3218
3219 3226
3227 3250
3251 3275
3276 3291
3292 3305
3306 3310
3311 3314
3315 3334
3335 3364
3365 3365
3366 3377
3378 3400
3401 3424
3425 3425
3426 3428
3429 3437
3438 3438
3439 3444
3445 3447
3448 3449
3450 3450
3451 3468
3469 3476
3477 3478
3479 3489
3490 3513
3514 3520
3521 3550
3551 3623
3624 3633
3634 3662
3663 3669
3670 3672
3673 3685
3686 3698
3699 3713
3714 3716
3717 3719
3720 3736
3737 3761
3762 3766
3767 3782
3783 3787
3788 3791
3792 3792
3793 3797
3798 3806
3807 3809
3810 3821
3822 3822
3823 3828
3829 3851
3852 3861
3862 3863
3864 3864
3865 3873
3874 3884
3885 3894
3895 3938
3939 3943
3944 3950
3951 3959
3960 3966
3967 3968
3969 3970
3971 3973
3974 3977
3978 3983
3984 3984
3985 3988
3989 4012
4013 4048
4049 4057
4058 4075
4076 4077
4078 4098
4099 4135
4136 4140
4141 4163
4164 4168
4169 4177
4178 4198
4199 4199
4200 4212
4213 4251
4252 4279
4280 4291
4292 4294
4295 4301
4302 4349
4350 4369
4370 4374
4375 4386
4387 4410
4411 4416
4417 4419
4420 4424
4425 4425
4426 4434
4435 4442
4443 4448
4449 4456
4457 4468
4469 4480
4481 4486
4487 4498
4499 4504
4505 4509
4510 4517
4518 4530
4531 4540
4541 4547
4548 4589
4590 4603
4604 4622
4623 4648
4649 4655
4656 4656
4657 4682
4683 4693
4694 4706
4707 4712
4713 4727
4728 4735
4736 4736
4737 4737
4738 4743
4744 4768
4769 4773
4774 4776
4777 4783
4784 4795
4796 4813
4814 4836
4837 4838
4839 4852
4853 4855
4856 4857
4858 4863
4864 4874
4875 4953
4954 4963
4964 4972
4973 5013
5014 5015
5016 5018
5019 5019
5020 5032
5033 5043
5044 5067
5068 5076
5077 5086
5087 5101
5102 5107
5108 5111
5112 5118
5119 5129
5130 5145
5146 5155
5156 5161
5162 5173
5174 5190
5191 5205
5206 5227
5228 5240
5241 5244
5245 5247
5248 5257
5258 5264
5265 5266
5267 5268
5269 5270
5271 5324
5325 5340
5341 5353
5354 5371
5372 5376
5377 5416
5417 5420
5421 5433
5434 5440
5441 5468
5469 5501
5502 5504
5505 5512
5513 5572
5573 5591
5592 5598
5599 5599
5600 5647
5648 5651
5652 5664
5665 5670
5671 5671
5672 5685
5686 5709
5710 5718
5719 5737
5738 5740
5741 5749
5750 5770
5771 5786
5787 5788
5789 5797
5798 5800
5801 5812
5813 5818
5819 5820
5821 5822
5823 5831
5832 5835
5836 5836
5837 5838
5839 5854
5855 5859
5860 5869
5870 5870
5871 5878
5879 5885
5886 5887
5888 5893
5894 5921
5922 5955
5956 5956
5957 5973
5974 5974
5975 5995
5996 5997
5998 6017
6018 6029
6030 6071
6072 6081
6082 6084
6085 6089
6090 6130
6131 6131
6132 6170
6171 6176
6177 6182
6183 6194
6195 6195
6196 6199
6200 6222
6223 6244
6245 6274
6275 6290
6291 6300
6301 6313
6314 6321
6322 6324
6325 6325
6326 6327
6328 6329
6330 6362
6363 6368
6369 6381
6382 6382
6383 6408
6409 6409
6410 6435
6436 6452
6453 6498
6499 6512
6513 6518
6519 6529
6530 6556
6557 6559
6560 6560
6561 6563
6564 6585
6586 6602
6603 6618
6619 6621
6622 6644
6645 6674
6675 6687
6688 6695
6696 6703
6704 6713
6714 6769
6770 6772
6773 6787
6788 6812
6813 6813
6814 6819
6820 6834
6835 6838
6839 6847
6848 6859
6860 6878
6879 6887
6888 6896
6897 6899
6900 6920
6921 6923
6924 6941
6942 6967
6968 6974
6975 6978
6979 6979
6980 6984
6985 7025
7026 7032
7033 7094
7095 7123
7124 7130
7131 7133
7134 7141
7142 7144
7145 7187
7188 7216
7217 7219
7220 7224
7225 7238
7239 7262
7263 7280
7281 7289
7290 7315
7316 7317
7318 7332
7333 7338
7339 7345
7346 7404
7405 7409
7410 7424
7425 7432
7433 7442
7443 7493
7494 7505
7506 7543
7544 7569
7570 7572
7573 7610
7611 7615
7616 7617
7618 7633
7634 7638
7639 7640
7641 7646
7647 7662
7663 7663
7664 7674
7675 7690
7691 7697
7698 7708
7709 7716
7717 7723
7724 7737
7738 7738
7739 7752
7753 7755
7756 7764
7765 7772
7773 7777
7778 7789
7790 7807
7808 7816
7817 7826
7827 7851
7852 7871
7872 7923
7924 7927
7928 7943
7944 7954
7955 7961
7962 7978
7979 7982
7983 8002
8003 8022
8023 8039
8040 8050
8051 8059
8060 8081
8082 8087
8088 8094
8095 8095
8096 8143
8144 8146
8147 8148
8149 8152
8153 8171
8172 8178
8179 8196
8197 8202
8203 8207
8208 8216
8217 8217
8218 8222
8223 8230
8231 8232
8233 8233
8234 8248
8249 8275
8276 8276
8277 8341
8342 8357
8358 8359
8360 8365
8366 8368
8369 8380
8381 8396
8397 8410
8411 8413
8414 8442
8443 8443
8444 8456
8457 8471
8472 8500
8501 8508
8509 8509
8510 8512
8513 8513
8514 8519
8520 8536
8537 8576
8577 8581
8582 8588
8589 8606
8607 8654
8655 8657
8658 8659
8660 8669
8670 8675
8676 8683
8684 8757
8758 8762
8763 8768
8769 8780
8781 8793
8794 8800
8801 8811
8812 8815
8816 8850
8851 8851
8852 8886
8887 8887
8888 8908
8909 8913
8914 8922
8923 8959
8960 8962
8963 8974
8975 8978
8979 9002
9003 9006
9007 9021
9022 9083
9084 9087
9088 9101
9102 9111
9112 9118
9119 9125
9126 9161
9162 9179
9180 9181
9182 9189
9190 9195
9196 9197
9198 9202
9203 9209
9210 9210
9211 9211
9212 9235
9236 9237
9238 9239
9240 9249
9250 9252
9253 9298
9299 9300
9301 9309
9310 9315
9316 9334
9335 9335
9336 9341
9342 9355
9356 9356
9357 9361
9362 9423
9424 9429
9430 9431
9432 9444
9445 9445
9446 9447
9448 9488
9489 9505
9506 9508
9509 9523
9524 9531
9532 9543
9544 9581
9582 9582
9583 9584
9585 9586
9587 9587
9588 9595
9596 9601
9602 9626
9627 9635
9636 9653
9654 9684
9685 9695
9696 9700
9701 9706
9707 9730
9731 9763
9764 9766
9767 9776
9777 9794
9795 9818
9819 9822
9823 9824
9825 9837
9838 9844
9845 9851
9852 9864
9865 9879
9880 9886
9887 9909
9910 9933
9934 9936
9937 9946
9947 9954
9955 9956
9957 9957
9958 9963
