116 7497
153
142 150
151 160
161 189
190 245
246 266
267 310
311 445
446 660
661 662
663 665
666 681
682 693
694 775
776 821
822 1036
1037 1049
1050 1183
1184 1325
1326 1363
1364 1401
1402 1420
1421 1445
1446 1478
1479 1538
1539 1554
1555 1605
1606 1672
1673 1714
1715 1723
1724 1756
1757 1786
1787 1842
1843 1907
1908 1991
1992 2103
2104 2114
2115 2235
2236 2244
2245 2249
2250 2268
2269 2452
2453 2565
2566 2651
2652 2812
2813 2836
2837 2867
2868 2958
2959 3027
3028 3215
3216 3298
3299 3334
3335 3405
3406 3611
3612 3709
3710 3790
3791 3827
3828 3934
3935 4038
4039 4147
4148 4210
4211 4292
4293 4295
4296 4379
4380 4393
4394 4442
4443 4450
4451 4508
4509 4645
4646 4766
4767 4997
4998 5030
5031 5122
5123 5193
5194 5345
5346 5434
5435 5519
5520 5524
5525 5582
5583 5635
5636 5650
5651 5732
5733 5776
5777 5889
5890 5939
5940 5955
5956 5959
5960 6107
6108 6117
6118 6118
6119 6154
6155 6251
6252 6306
6307 6366
6367 6387
6388 6538
6539 6575
6576 6625
6626 6631
6632 6697
6698 6709
6710 6742
6743 6776
6777 7017
7018 7032
7033 7073
7074 7081
7082 7161
7162 7211
7212 7242
7243 7404
7405 7605
7606 7614
7615 7697
7698 7739
7740 7801
7802 7846
7847 7888
7889 7922
7923 8042
8043 8132
8133 8134
8135 8196
8197 8234
8235 8239
8240 8258
8259 8359
8360 8376
8377 8377
8378 8421
8422 8428
8429 8462
8463 8500
8501 8527
8528 8555
8556 8579
8580 8616
8617 8689
8690 8756
8757 8917
8918 9012
9013 9029
9030 9154
9155 9211
9212 9335
9336 9458
9459 9459
9460 9680
9681 9706
9707 9791
9792 9795
9796 9808
9809 9824
9825 9906
