278 1162
267
1 34
35 94
95 125
126 190
191 221
222 240
241 261
262 293
294 330
331 400
401 404
405 552
553 574
575 591
592 629
630 664
665 704
705 763
764 862
863 875
876 947
948 967
968 990
991 1033
1034 1067
1068 1070
1071 1125
1126 1143
1144 1153
1154 1155
1156 1235
1236 1246
1247 1269
1270 1301
1302 1343
1344 1378
1379 1437
1438 1593
1594 1646
1647 1722
1723 1734
1735 1770
1771 1806
1807 1822
1823 1841
1842 1844
1845 1882
1883 1914
1915 1915
1916 1918
1919 1944
1945 1989
1990 2019
2020 2060
2061 2162
2163 2275
2276 2371
2372 2372
2373 2392
2393 2457
2458 2466
2467 2484
2485 2555
2556 2579
2580 2597
2598 2724
2725 2758
2759 2810
2811 2864
2865 2901
2902 2954
2955 3000
3001 3027
3028 3048
3049 3149
3150 3188
3189 3203
3204 3211
3212 3215
3216 3229
3230 3257
3258 3272
3273 3291
3292 3296
3297 3306
3307 3309
3310 3420
3421 3427
3428 3436
3437 3489
3490 3653
3654 3689
3690 3760
3761 3794
3795 3857
3858 3893
3894 4015
4016 4043
4044 4096
4097 4153
4154 4157
4158 4304
4305 4328
4329 4338
4339 4408
4409 4414
4415 4456
4457 4472
4473 4521
4522 4533
4534 4549
4550 4616
4617 4713
4714 4730
4731 4758
4759 4775
4776 4782
4783 4872
4873 4900
4901 4938
4939 4967
4968 4984
4985 4993
4994 5070
5071 5103
5104 5180
5181 5185
5186 5233
5234 5277
5278 5350
5351 5443
5444 5464
5465 5469
5470 5537
5538 5551
5552 5600
5601 5601
5602 5607
5608 5691
5692 5714
5715 5755
5756 5757
5758 5760
5761 5783
5784 5797
5798 5845
5846 5860
5861 5894
5895 5901
5902 5930
5931 5968
5969 5973
5974 5976
5977 6060
6061 6084
6085 6164
6165 6176
6177 6188
6189 6260
6261 6267
6268 6301
6302 6339
6340 6441
6442 6442
6443 6481
6482 6500
6501 6624
6625 6637
6638 6638
6639 6687
6688 6693
6694 6728
6729 6729
6730 6762
6763 6792
6793 6839
6840 6912
6913 6971
6972 7117
7118 7138
7139 7250
7251 7308
7309 7321
7322 7324
7325 7365
7366 7407
7408 7424
7425 7515
7516 7517
7518 7536
7537 7587
7588 7608
7609 7624
7625 7636
7637 7684
7685 7708
7709 7763
7764 7771
7772 7820
7821 7857
7858 7876
7877 7926
7927 7938
7939 7953
7954 7965
7966 8010
8011 8031
8032 8034
8035 8036
8037 8050
8051 8051
8052 8134
8135 8137
8138 8157
8158 8184
8185 8268
8269 8288
8289 8302
8303 8328
8329 8398
8399 8424
8425 8435
8436 8438
8439 8450
8451 8490
8491 8579
8580 8583
8584 8591
8592 8598
8599 8606
8607 8631
8632 8676
8677 8747
8748 8793
8794 8818
8819 8864
8865 8874
8875 8926
8927 8939
8940 9032
9033 9037
9038 9079
9080 9121
9122 9128
9129 9151
9152 9177
9178 9236
9237 9245
9246 9260
9261 9268
9269 9281
9282 9287
9288 9298
9299 9439
9440 9465
9466 9536
9537 9550
9551 9588
9589 9622
9623 9623
9624 9653
9654 9757
9758 9783
9784 9786
9787 9911
9912 9928
9929 9949
