500 10000
1000
35 38
39 50
51 53
54 59
60 91
92 97
98 98
99 100
101 113
114 120
121 122
123 128
129 133
134 140
141 159
160 168
169 170
171 177
178 180
181 189
190 206
207 215
216 216
217 224
225 230
231 245
246 268
269 274
275 290
291 297
298 308
309 310
311 311
312 312
313 313
314 323
324 345
346 365
366 366
367 383
384 410
411 422
423 433
434 443
444 456
457 463
464 466
467 480
481 500
501 508
509 511
512 544
545 552
553 553
554 566
567 568
569 582
583 589
590 595
596 596
597 599
600 602
603 609
610 613
614 614
615 618
619 631
632 643
644 649
650 651
652 654
655 658
659 659
660 674
675 684
685 688
689 691
692 696
697 708
709 715
716 719
720 721
722 728
729 736
737 757
758 760
761 768
769 782
783 783
784 803
804 811
812 823
824 831
832 842
843 847
848 850
851 852
853 875
876 909
910 911
912 913
914 918
919 926
927 962
963 972
973 976
977 999
1000 1010
1011 1013
1014 1014
1015 1027
1028 1028
1029 1036
1037 1043
1044 1050
1051 1070
1071 1081
1082 1088
1089 1091
1092 1093
1094 1106
1107 1120
1121 1122
1123 1125
1126 1131
1132 1136
1137 1148
1149 1152
1153 1159
1160 1172
1173 1191
1192 1200
1201 1203
1204 1208
1209 1215
1216 1216
1217 1219
1220 1252
1253 1255
1256 1267
1268 1287
1288 1288
1289 1305
1306 1348
1349 1356
1357 1363
1364 1364
1365 1372
1373 1395
1396 1411
1412 1413
1414 1425
1426 1427
1428 1428
1429 1429
1430 1441
1442 1468
1469 1484
1485 1487
1488 1491
1492 1519
1520 1536
1537 1547
1548 1548
1549 1549
1550 1552
1553 1560
1561 1571
1572 1577
1578 1585
1586 1588
1589 1591
1592 1593
1594 1612
1613 1618
1619 1668
1669 1675
1676 1678
1679 1686
1687 1687
1688 1694
1695 1708
1709 1709
1710 1740
1741 1741
1742 1748
1749 1749
1750 1771
1772 1774
1775 1794
1795 1795
1796 1796
1797 1830
1831 1831
1832 1837
1838 1849
1850 1852
1853 1854
1855 1861
1862 1864
1865 1875
1876 1883
1884 1894
1895 1910
1911 1913
1914 1920
1921 1921
1922 1925
1926 1931
1932 1935
1936 1936
1937 1937
1938 1943
1944 1946
1947 1949
1950 1974
1975 1976
1977 1981
1982 1984
1985 2009
2010 2020
2021 2021
2022 2022
2023 2044
2045 2055
2056 2066
2067 2073
2074 2076
2077 2082
2083 2108
2109 2115
2116 2117
2118 2124
2125 2127
2128 2150
2151 2158
2159 2160
2161 2191
2192 2194
2195 2195
2196 2216
2217 2234
2235 2248
2249 2260
2261 2262
2263 2269
2270 2277
2278 2296
2297 2330
2331 2355
2356 2361
2362 2362
2363 2372
2373 2375
2376 2387
2388 2390
2391 2400
2401 2402
2403 2416
2417 2421
2422 2427
2428 2431
2432 2450
2451 2456
2457 2475
2476 2482
2483 2495
2496 2520
2521 2541
2542 2542
2543 2548
2549 2559
2560 2560
2561 2566
2567 2577
2578 2582
2583 2586
2587 2587
2588 2599
2600 2648
2649 2649
2650 2682
2683 2687
2688 2694
2695 2696
2697 2728
2729 2734
2735 2742
2743 2746
2747 2749
2750 2758
2759 2772
2773 2782
2783 2794
2795 2798
2799 2800
2801 2808
2809 2815
2816 2819
2820 2831
2832 2833
2834 2834
2835 2836
2837 2843
2844 2852
2853 2853
2854 2861
2862 2863
2864 2870
2871 2874
2875 2880
2881 2884
2885 2903
2904 2910
2911 2921
2922 2927
2928 2952
2953 2961
2962 2962
2963 2980
2981 2984
2985 2986
2987 3000
3001 3011
3012 3019
3020 3023
3024 3026
3027 3057
3058 3068
3069 3089
3090 3104
3105 3108
3109 3129
3130 3140
3141 3144
3145 3158
3159 3172
3173 3180
3181 3221
3222 3238
3239 3242
3243 3265
3266 3273
3274 3295
3296 3304
3305 3312
3313 3337
3338 3347
3348 3366
3367 3368
3369 3379
3380 3385
3386 3391
3392 3397
3398 3408
3409 3411
3412 3422
3423 3452
3453 3469
3470 3471
3472 3488
3489 3495
3496 3498
3499 3503
3504 3516
3517 3533
3534 3563
3564 3573
3574 3576
3577 3582
3583 3587
3588 3590
3591 3593
3594 3604
3605 3605
3606 3625
3626 3639
3640 3644
3645 3680
3681 3685
3686 3686
3687 3693
3694 3698
3699 3716
3717 3718
3719 3724
3725 3740
3741 3744
3745 3747
3748 3764
3765 3773
3774 3781
3782 3783
3784 3790
3791 3811
3812 3813
3814 3817
3818 3857
3858 3869
3870 3891
3892 3892
3893 3906
3907 3919
3920 3923
3924 3930
3931 3936
3937 3948
3949 3955
3956 3957
3958 3958
3959 3981
3982 3983
3984 3986
3987 3992
3993 3993
3994 4010
4011 4028
4029 4034
4035 4050
4051 4056
4057 4070
4071 4075
4076 4079
4080 4082
4083 4092
4093 4095
4096 4103
4104 4104
4105 4115
4116 4118
4119 4120
4121 4130
4131 4139
4140 4142
4143 4145
4146 4157
4158 4162
4163 4172
4173 4176
4177 4183
4184 4199
4200 4216
4217 4224
4225 4238
4239 4249
4250 4257
4258 4261
4262 4275
4276 4281
4282 4283
4284 4297
4298 4298
4299 4299
4300 4301
4302 4310
4311 4311
4312 4312
4313 4337
4338 4340
4341 4347
4348 4348
4349 4354
4355 4357
4358 4370
4371 4390
4391 4399
4400 4414
4415 4420
4421 4444
4445 4446
4447 4466
4467 4477
4478 4503
4504 4516
4517 4524
4525 4528
4529 4538
4539 4541
4542 4546
4547 4561
4562 4564
4565 4576
4577 4586
4587 4611
4612 4626
4627 4651
4652 4653
4654 4662
4663 4681
4682 4685
4686 4690
4691 4691
4692 4702
4703 4703
4704 4707
4708 4729
4730 4731
4732 4733
4734 4758
4759 4779
4780 4787
4788 4794
4795 4797
4798 4800
4801 4819
4820 4869
4870 4870
4871 4879
4880 4895
4896 4917
4918 4943
4944 4944
4945 4969
4970 4972
4973 4973
4974 4974
4975 4979
4980 4991
4992 5003
5004 5007
5008 5011
5012 5020
5021 5024
5025 5029
5030 5033
5034 5050
5051 5054
5055 5061
5062 5065
5066 5098
5099 5100
5101 5104
5105 5107
5108 5113
5114 5125
5126 5147
5148 5157
5158 5163
5164 5174
5175 5175
5176 5182
5183 5184
5185 5201
5202 5209
5210 5225
5226 5234
5235 5237
5238 5244
5245 5265
5266 5279
5280 5280
5281 5316
5317 5319
5320 5367
5368 5373
5374 5383
5384 5398
5399 5419
5420 5420
5421 5422
5423 5427
5428 5432
5433 5461
5462 5478
5479 5481
5482 5490
5491 5500
5501 5501
5502 5506
5507 5550
5551 5570
5571 5581
5582 5586
5587 5598
5599 5601
5602 5605
5606 5637
5638 5646
5647 5658
5659 5661
5662 5669
5670 5672
5673 5696
5697 5703
5704 5709
5710 5710
5711 5717
5718 5725
5726 5730
5731 5734
5735 5737
5738 5746
5747 5753
5754 5788
5789 5791
5792 5797
5798 5803
5804 5810
5811 5820
5821 5829
5830 5832
5833 5839
5840 5843
5844 5848
5849 5850
5851 5868
5869 5896
5897 5926
5927 5934
5935 5945
5946 5957
5958 5963
5964 5969
5970 5970
5971 5972
5973 5976
5977 5983
5984 5987
5988 5989
5990 5991
5992 6002
6003 6012
6013 6013
6014 6015
6016 6019
6020 6021
6022 6027
6028 6029
6030 6030
6031 6039
6040 6043
6044 6059
6060 6070
6071 6074
6075 6077
6078 6115
6116 6119
6120 6130
6131 6143
6144 6144
6145 6148
6149 6152
6153 6158
6159 6173
6174 6187
6188 6188
6189 6229
6230 6303
6304 6314
6315 6331
6332 6341
6342 6342
6343 6346
6347 6352
6353 6353
6354 6355
6356 6374
6375 6381
6382 6418
6419 6424
6425 6436
6437 6448
6449 6459
6460 6468
6469 6492
6493 6493
6494 6495
6496 6500
6501 6506
6507 6509
6510 6510
6511 6511
6512 6545
6546 6546
6547 6556
6557 6558
6559 6578
6579 6620
6621 6629
6630 6676
6677 6678
6679 6699
6700 6702
6703 6710
6711 6731
6732 6749
6750 6758
6759 6773
6774 6774
6775 6776
6777 6787
6788 6800
6801 6808
6809 6819
6820 6832
6833 6847
6848 6863
6864 6877
6878 6881
6882 6889
6890 6892
6893 6898
6899 6909
6910 6910
6911 6920
6921 6928
6929 6944
6945 6950
6951 6951
6952 6952
6953 6969
6970 6979
6980 6983
6984 6984
6985 6986
6987 6992
6993 7002
7003 7012
7013 7052
7053 7097
7098 7099
7100 7110
7111 7111
7112 7114
7115 7131
7132 7156
7157 7161
7162 7162
7163 7176
7177 7177
7178 7200
7201 7206
7207 7209
7210 7224
7225 7234
7235 7256
7257 7267
7268 7279
7280 7285
7286 7289
7290 7305
7306 7310
7311 7318
7319 7319
7320 7325
7326 7335
7336 7352
7353 7356
7357 7372
7373 7380
7381 7386
7387 7387
7388 7399
7400 7407
7408 7435
7436 7442
7443 7450
7451 7454
7455 7464
7465 7473
7474 7489
7490 7527
7528 7539
7540 7557
7558 7561
7562 7564
7565 7570
7571 7571
7572 7582
7583 7587
7588 7591
7592 7599
7600 7606
7607 7623
7624 7626
7627 7630
7631 7648
7649 7665
7666 7666
7667 7677
7678 7737
7738 7740
7741 7746
7747 7756
7757 7757
7758 7759
7760 7763
7764 7770
7771 7771
7772 7778
7779 7797
7798 7822
7823 7838
7839 7845
7846 7856
7857 7860
7861 7868
7869 7875
7876 7876
7877 7891
7892 7901
7902 7906
7907 7913
7914 7929
7930 7932
7933 7935
7936 7942
7943 7985
7986 7986
7987 7987
7988 8019
8020 8030
8031 8050
8051 8095
8096 8101
8102 8119
8120 8123
8124 8192
8193 8196
8197 8211
8212 8213
8214 8218
8219 8252
8253 8260
8261 8263
8264 8268
8269 8269
8270 8277
8278 8280
8281 8282
8283 8283
8284 8290
8291 8305
8306 8323
8324 8328
8329 8341
8342 8350
8351 8370
8371 8387
8388 8397
8398 8404
8405 8405
8406 8411
8412 8419
8420 8425
8426 8431
8432 8433
8434 8445
8446 8447
8448 8452
8453 8455
8456 8459
8460 8461
8462 8464
8465 8468
8469 8469
8470 8483
8484 8496
8497 8497
8498 8529
8530 8538
8539 8543
8544 8545
8546 8549
8550 8568
8569 8580
8581 8601
8602 8606
8607 8610
8611 8614
8615 8629
8630 8633
8634 8646
8647 8649
8650 8663
8664 8676
8677 8686
8687 8691
8692 8696
8697 8705
8706 8710
8711 8731
8732 8760
8761 8762
8763 8767
8768 8788
8789 8792
8793 8799
8800 8802
8803 8812
8813 8817
8818 8822
8823 8824
8825 8838
8839 8839
8840 8858
8859 8866
8867 8875
8876 8886
8887 8907
8908 8914
8915 8917
8918 8947
8948 8965
8966 8993
8994 8997
8998 9005
9006 9026
9027 9034
9035 9044
9045 9060
9061 9092
9093 9100
9101 9111
9112 9154
9155 9168
9169 9176
9177 9180
9181 9182
9183 9197
9198 9199
9200 9206
9207 9215
9216 9227
9228 9229
9230 9243
9244 9276
9277 9282
9283 9301
9302 9310
9311 9327
9328 9329
9330 9348
9349 9354
9355 9370
9371 9382
9383 9384
9385 9388
9389 9391
9392 9404
9405 9407
9408 9430
9431 9466
9467 9468
9469 9469
9470 9472
9473 9473
9474 9476
9477 9491
9492 9499
9500 9500
9501 9502
9503 9505
9506 9522
9523 9530
9531 9555
9556 9580
9581 9617
9618 9619
9620 9620
9621 9622
9623 9623
9624 9625
9626 9629
9630 9633
9634 9635
9636 9638
9639 9640
9641 9657
9658 9669
9670 9685
9686 9702
9703 9728
9729 9731
9732 9733
9734 9735
9736 9738
9739 9784
9785 9793
9794 9795
9796 9801
9802 9805
9806 9821
9822 9823
9824 9824
9825 9834
9835 9861
9862 9865
9866 9874
9875 9881
9882 9910
9911 9935
9936 9949
9950 9957
9958 9972
9973 9975
9976 9978
9979 9990
9991 9994
9995 9995
