500 10000
1000
7 12
13 27
28 32
33 36
37 45
46 55
56 58
59 60
61 62
63 65
66 68
69 80
81 94
95 99
100 104
105 138
139 152
153 165
166 174
175 180
181 184
185 191
192 205
206 217
218 226
227 229
230 252
253 255
256 258
259 261
262 270
271 273
274 279
280 284
285 303
304 304
305 309
310 310
311 314
315 324
325 328
329 344
345 355
356 359
360 373
374 403
404 418
419 421
422 437
438 465
466 470
471 471
472 478
479 495
496 505
506 507
508 517
518 526
527 534
535 551
552 555
556 602
603 639
640 643
644 645
646 653
654 663
664 675
676 680
681 704
705 730
731 738
739 748
749 768
769 778
779 782
783 788
789 806
807 810
811 812
813 832
833 834
835 839
840 855
856 873
874 876
877 882
883 893
894 901
902 903
904 916
917 922
923 930
931 937
938 955
956 959
960 961
962 972
973 973
974 985
986 988
989 1021
1022 1024
1025 1059
1060 1078
1079 1094
1095 1101
1102 1131
1132 1147
1148 1148
1149 1152
1153 1156
1157 1181
1182 1184
1185 1193
1194 1211
1212 1214
1215 1230
1231 1238
1239 1263
1264 1264
1265 1274
1275 1279
1280 1299
1300 1301
1302 1333
1334 1334
1335 1338
1339 1361
1362 1386
1387 1387
1388 1405
1406 1408
1409 1412
1413 1414
1415 1437
1438 1447
1448 1451
1452 1459
1460 1464
1465 1466
1467 1469
1470 1474
1475 1475
1476 1480
1481 1487
1488 1488
1489 1510
1511 1516
1517 1522
1523 1529
1530 1531
1532 1532
1533 1535
1536 1546
1547 1563
1564 1575
1576 1577
1578 1584
1585 1588
1589 1597
1598 1601
1602 1609
1610 1618
1619 1640
1641 1641
1642 1649
1650 1669
1670 1673
1674 1674
1675 1684
1685 1691
1692 1699
1700 1701
1702 1714
1715 1727
1728 1730
1731 1768
1769 1786
1787 1843
1844 1863
1864 1876
1877 1879
1880 1880
1881 1887
1888 1912
1913 1914
1915 1915
1916 1921
1922 1930
1931 1977
1978 1986
1987 1998
1999 2001
2002 2003
2004 2018
2019 2026
2027 2034
2035 2054
2055 2059
2060 2089
2090 2105
2106 2112
2113 2117
2118 2120
2121 2121
2122 2122
2123 2164
2165 2181
2182 2195
2196 2207
2208 2213
2214 2222
2223 2228
2229 2229
2230 2234
2235 2244
2245 2307
2308 2318
2319 2322
2323 2357
2358 2358
2359 2359
2360 2360
2361 2385
2386 2418
2419 2444
2445 2460
2461 2492
2493 2500
2501 2503
2504 2513
2514 2532
2533 2536
2537 2545
2546 2552
2553 2574
2575 2582
2583 2626
2627 2662
2663 2665
2666 2669
2670 2673
2674 2691
2692 2716
2717 2726
2727 2731
2732 2733
2734 2745
2746 2749
2750 2750
2751 2767
2768 2769
2770 2802
2803 2815
2816 2852
2853 2887
2888 2889
2890 2912
2913 2927
2928 2929
2930 2934
2935 2935
2936 2937
2938 2949
2950 2977
2978 3018
3019 3024
3025 3028
3029 3035
3036 3043
3044 3053
3054 3059
3060 3099
3100 3101
3102 3104
3105 3114
3115 3115
3116 3130
3131 3155
3156 3168
3169 3182
3183 3211
3212 3223
3224 3226
3227 3252
3253 3282
3283 3298
3299 3311
3312 3312
3313 3326
3327 3342
3343 3355
3356 3372
3373 3375
3376 3383
3384 3384
3385 3391
3392 3401
3402 3406
3407 3421
3422 3423
3424 3434
3435 3463
3464 3464
3465 3467
3468 3508
3509 3515
3516 3517
3518 3534
3535 3536
3537 3539
3540 3543
3544 3565
3566 3574
3575 3587
3588 3596
3597 3620
3621 3624
3625 3627
3628 3634
3635 3640
3641 3673
3674 3676
3677 3677
3678 3679
3680 3680
3681 3683
3684 3689
3690 3714
3715 3734
3735 3738
3739 3744
3745 3748
3749 3758
3759 3763
3764 3773
3774 3786
3787 3795
3796 3800
3801 3802
3803 3807
3808 3821
3822 3822
3823 3826
3827 3840
3841 3849
3850 3859
3860 3864
3865 3871
3872 3873
3874 3878
3879 3883
3884 3890
3891 3900
3901 3920
3921 3942
3943 3950
3951 3977
3978 3993
3994 3995
3996 3997
3998 4002
4003 4007
4008 4010
4011 4025
4026 4036
4037 4052
4053 4056
4057 4070
4071 4081
4082 4097
4098 4103
4104 4124
4125 4143
4144 4151
4152 4186
4187 4191
4192 4192
4193 4197
4198 4202
4203 4221
4222 4229
4230 4231
4232 4243
4244 4254
4255 4270
4271 4297
4298 4306
4307 4314
4315 4322
4323 4346
4347 4347
4348 4350
4351 4366
4367 4371
4372 4385
4386 4393
4394 4404
4405 4416
4417 4417
4418 4419
4420 4425
4426 4467
4468 4485
4486 4493
4494 4508
4509 4509
4510 4530
4531 4539
4540 4552
4553 4559
4560 4562
4563 4564
4565 4567
4568 4576
4577 4578
4579 4586
4587 4617
4618 4623
4624 4624
4625 4634
4635 4636
4637 4643
4644 4645
4646 4682
4683 4686
4687 4710
4711 4732
4733 4739
4740 4756
4757 4757
4758 4760
4761 4763
4764 4777
4778 4799
4800 4801
4802 4807
4808 4808
4809 4823
4824 4860
4861 4863
4864 4870
4871 4890
4891 4893
4894 4894
4895 4899
4900 4902
4903 4933
4934 4936
4937 4939
4940 4955
4956 4956
4957 4963
4964 4965
4966 4989
4990 4999
5000 5011
5012 5029
5030 5030
5031 5044
5045 5063
5064 5066
5067 5101
5102 5125
5126 5140
5141 5148
5149 5156
5157 5158
5159 5159
5160 5176
5177 5190
5191 5200
5201 5202
5203 5228
5229 5237
5238 5239
5240 5254
5255 5257
5258 5266
5267 5287
5288 5289
5290 5291
5292 5293
5294 5302
5303 5311
5312 5312
5313 5313
5314 5314
5315 5324
5325 5327
5328 5340
5341 5345
5346 5347
5348 5355
5356 5356
5357 5376
5377 5384
5385 5391
5392 5392
5393 5398
5399 5408
5409 5423
5424 5432
5433 5433
5434 5441
5442 5442
5443 5448
5449 5453
5454 5458
5459 5462
5463 5464
5465 5467
5468 5478
5479 5481
5482 5489
5490 5505
5506 5524
5525 5529
5530 5531
5532 5535
5536 5536
5537 5540
5541 5549
5550 5550
5551 5577
5578 5589
5590 5605
5606 5636
5637 5658
5659 5663
5664 5670
5671 5678
5679 5703
5704 5709
5710 5720
5721 5734
5735 5735
5736 5738
5739 5741
5742 5755
5756 5760
5761 5766
5767 5768
5769 5773
5774 5781
5782 5787
5788 5795
5796 5798
5799 5803
5804 5814
5815 5815
5816 5818
5819 5825
5826 5851
5852 5859
5860 5890
5891 5894
5895 5899
5900 5904
5905 5912
5913 5914
5915 5931
5932 5939
5940 5949
5950 5954
5955 5967
5968 5979
5980 5994
5995 6000
6001 6018
6019 6028
6029 6032
6033 6034
6035 6035
6036 6041
6042 6053
6054 6058
6059 6062
6063 6068
6069 6076
6077 6093
6094 6095
6096 6099
6100 6104
6105 6136
6137 6148
6149 6149
6150 6161
6162 6162
6163 6164
6165 6177
6178 6183
6184 6184
6185 6186
6187 6187
6188 6205
6206 6216
6217 6224
6225 6235
6236 6244
6245 6251
6252 6258
6259 6265
6266 6268
6269 6269
6270 6284
6285 6285
6286 6288
6289 6292
6293 6295
6296 6297
6298 6299
6300 6305
6306 6306
6307 6314
6315 6328
6329 6329
6330 6331
6332 6332
6333 6333
6334 6339
6340 6353
6354 6365
6366 6373
6374 6380
6381 6405
6406 6413
6414 6430
6431 6431
6432 6455
6456 6457
6458 6458
6459 6483
6484 6490
6491 6494
6495 6496
6497 6518
6519 6520
6521 6522
6523 6525
6526 6526
6527 6527
6528 6531
6532 6552
6553 6558
6559 6564
6565 6565
6566 6569
6570 6572
6573 6578
6579 6586
6587 6593
6594 6594
6595 6604
6605 6623
6624 6627
6628 6645
6646 6646
6647 6661
6662 6667
6668 6675
6676 6678
6679 6683
6684 6717
6718 6747
6748 6758
6759 6761
6762 6783
6784 6794
6795 6825
6826 6835
6836 6840
6841 6846
6847 6897
6898 6907
6908 6911
6912 6917
6918 6921
6922 6934
6935 6947
6948 6959
6960 6983
6984 7040
7041 7052
7053 7071
7072 7077
7078 7082
7083 7094
7095 7096
7097 7120
7121 7123
7124 7135
7136 7137
7138 7151
7152 7157
7158 7158
7159 7159
7160 7178
7179 7180
7181 7192
7193 7196
7197 7199
7200 7201
7202 7219
7220 7248
7249 7263
7264 7282
7283 7292
7293 7306
7307 7309
7310 7310
7311 7311
7312 7316
7317 7320
7321 7325
7326 7331
7332 7344
7345 7348
7349 7366
7367 7393
7394 7422
7423 7431
7432 7437
7438 7443
7444 7445
7446 7452
7453 7460
7461 7469
7470 7476
7477 7483
7484 7484
7485 7492
7493 7496
7497 7506
7507 7508
7509 7522
7523 7531
7532 7533
7534 7534
7535 7553
7554 7555
7556 7557
7558 7584
7585 7591
7592 7604
7605 7617
7618 7621
7622 7626
7627 7638
7639 7670
7671 7673
7674 7674
7675 7679
7680 7690
7691 7700
7701 7716
7717 7724
7725 7731
7732 7732
7733 7746
7747 7782
7783 7783
7784 7804
7805 7810
7811 7817
7818 7820
7821 7823
7824 7833
7834 7841
7842 7845
7846 7848
7849 7849
7850 7856
7857 7865
7866 7886
7887 7898
7899 7908
7909 7910
7911 7917
7918 7937
7938 7952
7953 7956
7957 7958
7959 7965
7966 7979
7980 7983
7984 7986
7987 8005
8006 8015
8016 8018
8019 8023
8024 8034
8035 8036
8037 8046
8047 8049
8050 8053
8054 8075
8076 8083
8084 8096
8097 8109
8110 8116
8117 8129
8130 8138
8139 8155
8156 8176
8177 8188
8189 8202
8203 8205
8206 8209
8210 8222
8223 8231
8232 8233
8234 8241
8242 8242
8243 8245
8246 8259
8260 8279
8280 8295
8296 8312
8313 8317
8318 8332
8333 8349
8350 8393
8394 8409
8410 8421
8422 8431
8432 8446
8447 8452
8453 8459
8460 8460
8461 8464
8465 8474
8475 8501
8502 8520
8521 8531
8532 8541
8542 8553
8554 8569
8570 8575
8576 8577
8578 8586
8587 8593
8594 8621
8622 8633
8634 8638
8639 8643
8644 8651
8652 8652
8653 8655
8656 8660
8661 8662
8663 8670
8671 8676
8677 8690
8691 8700
8701 8704
8705 8708
8709 8729
8730 8747
8748 8758
8759 8766
8767 8769
8770 8770
8771 8777
8778 8778
8779 8789
8790 8796
8797 8803
8804 8815
8816 8838
8839 8850
8851 8867
8868 8873
8874 8880
8881 8881
8882 8892
8893 8903
8904 8918
8919 8921
8922 8924
8925 8928
8929 8930
8931 8934
8935 8935
8936 8937
8938 8940
8941 8952
8953 8955
8956 8958
8959 8968
8969 8972
8973 8973
8974 8975
8976 8976
8977 9000
9001 9006
9007 9010
9011 9013
9014 9016
9017 9019
9020 9022
9023 9035
9036 9041
9042 9055
9056 9056
9057 9089
9090 9093
9094 9099
9100 9100
9101 9129
9130 9137
9138 9145
9146 9157
9158 9160
9161 9170
9171 9193
9194 9204
9205 9205
9206 9209
9210 9215
9216 9216
9217 9228
9229 9238
9239 9248
9249 9268
9269 9278
9279 9281
9282 9289
9290 9296
9297 9298
9299 9308
9309 9312
9313 9313
9314 9322
9323 9324
9325 9326
9327 9343
9344 9346
9347 9349
9350 9351
9352 9355
9356 9397
9398 9401
9402 9404
9405 9406
9407 9415
9416 9434
9435 9485
9486 9502
9503 9516
9517 9517
9518 9519
9520 9531
9532 9532
9533 9544
9545 9546
9547 9550
9551 9551
9552 9554
9555 9563
9564 9564
9565 9593
9594 9599
9600 9610
9611 9612
9613 9620
9621 9641
9642 9655
9656 9665
9666 9666
9667 9698
9699 9704
9705 9707
9708 9709
9710 9732
9733 9733
9734 9738
9739 9773
9774 9779
9780 9792
9793 9801
9802 9802
9803 9807
9808 9811
9812 9815
9816 9834
9835 9838
9839 9848
9849 9850
9851 9857
9858 9858
9859 9866
9867 9880
9881 9884
9885 9893
9894 9900
9901 9915
9916 9968
9969 9989
