500 10000
1000
13 36
37 37
38 50
51 62
63 70
71 73
74 83
84 87
88 120
121 127
128 129
130 144
145 165
166 166
167 178
179 180
181 184
185 196
197 201
202 207
208 213
214 217
218 218
219 225
226 228
229 234
235 259
260 261
262 273
274 277
278 297
298 316
317 324
325 334
335 344
345 389
390 414
415 422
423 425
426 457
458 463
464 469
470 478
479 482
483 483
484 488
489 490
491 493
494 497
498 526
527 531
532 550
551 551
552 560
561 573
574 581
582 587
588 589
590 627
628 631
632 632
633 635
636 641
642 645
646 646
647 652
653 654
655 697
698 698
699 705
706 710
711 712
713 714
715 716
717 718
719 738
739 744
745 760
761 761
762 775
776 784
785 787
788 795
796 799
800 803
804 812
813 822
823 846
847 855
856 857
858 866
867 883
884 888
889 892
893 898
899 918
919 934
935 978
979 992
993 1011
1012 1019
1020 1039
1040 1045
1046 1049
1050 1059
1060 1071
1072 1090
1091 1093
1094 1094
1095 1095
1096 1101
1102 1102
1103 1113
1114 1126
1127 1135
1136 1147
1148 1152
1153 1162
1163 1175
1176 1178
1179 1184
1185 1186
1187 1206
1207 1211
1212 1221
1222 1230
1231 1237
1238 1249
1250 1250
1251 1252
1253 1264
1265 1283
1284 1298
1299 1300
1301 1309
1310 1319
1320 1333
1334 1340
1341 1343
1344 1346
1347 1394
1395 1416
1417 1442
1443 1446
1447 1454
1455 1461
1462 1463
1464 1477
1478 1484
1485 1487
1488 1488
1489 1491
1492 1498
1499 1538
1539 1540
1541 1550
1551 1551
1552 1566
1567 1570
1571 1573
1574 1576
1577 1589
1590 1633
1634 1635
1636 1638
1639 1643
1644 1645
1646 1662
1663 1667
1668 1669
1670 1675
1676 1677
1678 1680
1681 1724
1725 1734
1735 1736
1737 1738
1739 1760
1761 1793
1794 1794
1795 1806
1807 1807
1808 1813
1814 1870
1871 1896
1897 1902
1903 1921
1922 1952
1953 1965
1966 1980
1981 2010
2011 2016
2017 2019
2020 2023
2024 2031
2032 2034
2035 2056
2057 2067
2068 2100
2101 2109
2110 2123
2124 2151
2152 2158
2159 2173
2174 2175
2176 2179
2180 2203
2204 2219
2220 2241
2242 2242
2243 2247
2248 2256
2257 2260
2261 2287
2288 2308
2309 2314
2315 2339
2340 2352
2353 2367
2368 2368
2369 2369
2370 2389
2390 2390
2391 2395
2396 2397
2398 2407
2408 2421
2422 2423
2424 2466
2467 2474
2475 2481
2482 2483
2484 2490
2491 2503
2504 2510
2511 2521
2522 2528
2529 2530
2531 2535
2536 2538
2539 2547
2548 2565
2566 2566
2567 2574
2575 2582
2583 2588
2589 2589
2590 2590
2591 2591
2592 2593
2594 2603
2604 2609
2610 2634
2635 2662
2663 2692
2693 2693
2694 2697
2698 2706
2707 2708
2709 2716
2717 2751
2752 2755
2756 2759
2760 2770
2771 2802
2803 2821
2822 2823
2824 2842
2843 2845
2846 2850
2851 2852
2853 2858
2859 2871
2872 2878
2879 2891
2892 2920
2921 2921
2922 2922
2923 2924
2925 2927
2928 2928
2929 2937
2938 2938
2939 2942
2943 2947
2948 2957
2958 2973
2974 2980
2981 2985
2986 2991
2992 2997
2998 2998
2999 3002
3003 3003
3004 3007
3008 3012
3013 3032
3033 3048
3049 3078
3079 3093
3094 3098
3099 3103
3104 3104
3105 3122
3123 3130
3131 3138
3139 3139
3140 3150
3151 3170
3171 3184
3185 3187
3188 3193
3194 3206
3207 3207
3208 3216
3217 3248
3249 3251
3252 3258
3259 3260
3261 3271
3272 3287
3288 3300
3301 3301
3302 3340
3341 3350
3351 3376
3377 3389
3390 3393
3394 3396
3397 3421
3422 3428
3429 3438
3439 3457
3458 3460
3461 3463
3464 3470
3471 3478
3479 3486
3487 3505
3506 3529
3530 3531
3532 3536
3537 3548
3549 3549
3550 3551
3552 3573
3574 3588
3589 3593
3594 3599
3600 3606
3607 3607
3608 3616
3617 3633
3634 3654
3655 3660
3661 3666
3667 3667
3668 3675
3676 3684
3685 3696
3697 3732
3733 3733
3734 3735
3736 3745
3746 3760
3761 3773
3774 3780
3781 3789
3790 3794
3795 3813
3814 3814
3815 3815
3816 3816
3817 3819
3820 3824
3825 3843
3844 3859
3860 3862
3863 3872
3873 3906
3907 3910
3911 3926
3927 3927
3928 3931
3932 3932
3933 3944
3945 3953
3954 3971
3972 3974
3975 3980
3981 3982
3983 3990
3991 4031
4032 4036
4037 4041
4042 4061
4062 4063
4064 4068
4069 4070
4071 4083
4084 4088
4089 4089
4090 4091
4092 4096
4097 4100
4101 4109
4110 4111
4112 4118
4119 4125
4126 4128
4129 4167
4168 4168
4169 4172
4173 4185
4186 4186
4187 4209
4210 4216
4217 4225
4226 4229
4230 4234
4235 4247
4248 4249
4250 4262
4263 4273
4274 4309
4310 4313
4314 4320
4321 4326
4327 4339
4340 4341
4342 4343
4344 4344
4345 4355
4356 4359
4360 4407
4408 4414
4415 4432
4433 4441
4442 4443
4444 4445
4446 4473
4474 4484
4485 4493
4494 4497
4498 4502
4503 4511
4512 4518
4519 4525
4526 4528
4529 4530
4531 4538
4539 4541
4542 4542
4543 4543
4544 4547
4548 4556
4557 4564
4565 4569
4570 4583
4584 4595
4596 4598
4599 4601
4602 4602
4603 4617
4618 4620
4621 4626
4627 4634
4635 4640
4641 4646
4647 4665
4666 4675
4676 4676
4677 4686
4687 4689
4690 4696
4697 4701
4702 4723
4724 4739
4740 4759
4760 4761
4762 4762
4763 4769
4770 4770
4771 4778
4779 4781
4782 4796
4797 4798
4799 4803
4804 4804
4805 4807
4808 4827
4828 4830
4831 4835
4836 4847
4848 4862
4863 4875
4876 4904
4905 4905
4906 4910
4911 4917
4918 4925
4926 4937
4938 4962
4963 4968
4969 4972
4973 4973
4974 4995
4996 5003
5004 5008
5009 5012
5013 5013
5014 5036
5037 5047
5048 5059
5060 5062
5063 5066
5067 5074
5075 5078
5079 5081
5082 5086
5087 5117
5118 5126
5127 5139
5140 5142
5143 5143
5144 5144
5145 5159
5160 5201
5202 5218
5219 5222
5223 5230
5231 5246
5247 5247
5248 5286
5287 5293
5294 5294
5295 5301
5302 5304
5305 5311
5312 5345
5346 5363
5364 5389
5390 5399
5400 5405
5406 5429
5430 5437
5438 5440
5441 5447
5448 5460
5461 5464
5465 5496
5497 5506
5507 5510
5511 5513
5514 5521
5522 5533
5534 5536
5537 5582
5583 5586
5587 5587
5588 5605
5606 5634
5635 5639
5640 5692
5693 5699
5700 5714
5715 5725
5726 5740
5741 5743
5744 5753
5754 5758
5759 5759
5760 5764
5765 5799
5800 5802
5803 5822
5823 5831
5832 5840
5841 5843
5844 5863
5864 5880
5881 5886
5887 5889
5890 5890
5891 5916
5917 5918
5919 5920
5921 5941
5942 5950
5951 5952
5953 5962
5963 5974
5975 5984
5985 6000
6001 6019
6020 6020
6021 6027
6028 6034
6035 6041
6042 6059
6060 6064
6065 6072
6073 6075
6076 6078
6079 6087
6088 6101
6102 6114
6115 6133
6134 6135
6136 6200
6201 6205
6206 6211
6212 6229
6230 6230
6231 6234
6235 6237
6238 6240
6241 6247
6248 6253
6254 6264
6265 6265
6266 6281
6282 6296
6297 6298
6299 6305
6306 6311
6312 6339
6340 6346
6347 6348
6349 6353
6354 6363
6364 6364
6365 6369
6370 6371
6372 6385
6386 6397
6398 6400
6401 6409
6410 6418
6419 6424
6425 6452
6453 6454
6455 6467
6468 6477
6478 6479
6480 6496
6497 6517
6518 6519
6520 6521
6522 6529
6530 6538
6539 6561
6562 6572
6573 6574
6575 6576
6577 6584
6585 6589
6590 6590
6591 6596
6597 6611
6612 6621
6622 6624
6625 6628
6629 6645
6646 6647
6648 6662
6663 6689
6690 6696
6697 6730
6731 6740
6741 6742
6743 6750
6751 6773
6774 6774
6775 6783
6784 6784
6785 6795
6796 6806
6807 6810
6811 6811
6812 6820
6821 6843
6844 6852
6853 6877
6878 6884
6885 6889
6890 6890
6891 6898
6899 6911
6912 6928
6929 6932
6933 6948
6949 6960
6961 6969
6970 6990
6991 6992
6993 7000
7001 7008
7009 7009
7010 7028
7029 7029
7030 7036
7037 7041
7042 7049
7050 7052
7053 7059
7060 7065
7066 7069
7070 7077
7078 7085
7086 7092
7093 7104
7105 7118
7119 7128
7129 7130
7131 7142
7143 7144
7145 7148
7149 7166
7167 7182
7183 7192
7193 7196
7197 7202
7203 7209
7210 7214
7215 7233
7234 7244
7245 7256
7257 7279
7280 7289
7290 7291
7292 7297
7298 7300
7301 7320
7321 7346
7347 7374
7375 7382
7383 7393
7394 7400
7401 7412
7413 7422
7423 7428
7429 7430
7431 7434
7435 7458
7459 7507
7508 7508
7509 7510
7511 7513
7514 7527
7528 7530
7531 7570
7571 7572
7573 7575
7576 7582
7583 7588
7589 7593
7594 7595
7596 7599
7600 7619
7620 7625
7626 7640
7641 7646
7647 7648
7649 7651
7652 7653
7654 7658
7659 7679
7680 7718
7719 7727
7728 7729
7730 7737
7738 7751
7752 7767
7768 7773
7774 7798
7799 7812
7813 7820
7821 7825
7826 7834
7835 7860
7861 7862
7863 7879
7880 7888
7889 7892
7893 7900
7901 7910
7911 7923
7924 7930
7931 7940
7941 7948
7949 7974
7975 7977
7978 7981
7982 7989
7990 7995
7996 7996
7997 8024
8025 8048
8049 8071
8072 8084
8085 8126
8127 8138
8139 8147
8148 8149
8150 8163
8164 8168
8169 8178
8179 8179
8180 8184
8185 8198
8199 8210
8211 8212
8213 8230
8231 8235
8236 8239
8240 8243
8244 8257
8258 8262
8263 8281
8282 8314
8315 8323
8324 8326
8327 8336
8337 8353
8354 8356
8357 8358
8359 8363
8364 8364
8365 8368
8369 8380
8381 8383
8384 8412
8413 8415
8416 8433
8434 8448
8449 8452
8453 8460
8461 8464
8465 8484
8485 8488
8489 8489
8490 8497
8498 8510
8511 8513
8514 8520
8521 8524
8525 8527
8528 8531
8532 8538
8539 8549
8550 8554
8555 8560
8561 8563
8564 8567
8568 8579
8580 8614
8615 8631
8632 8638
8639 8659
8660 8663
8664 8674
8675 8700
8701 8711
8712 8724
8725 8744
8745 8771
8772 8781
8782 8797
8798 8805
8806 8811
8812 8821
8822 8838
8839 8840
8841 8846
8847 8861
8862 8874
8875 8880
8881 8883
8884 8909
8910 8931
8932 8991
8992 8996
8997 8999
9000 9011
9012 9014
9015 9019
9020 9022
9023 9032
9033 9056
9057 9068
9069 9070
9071 9071
9072 9080
9081 9083
9084 9097
9098 9098
9099 9099
9100 9100
9101 9120
9121 9132
9133 9140
9141 9141
9142 9148
9149 9157
9158 9160
9161 9176
9177 9185
9186 9189
9190 9202
9203 9209
9210 9213
9214 9220
9221 9231
9232 9236
9237 9244
9245 9306
9307 9310
9311 9318
9319 9333
9334 9344
9345 9347
9348 9358
9359 9364
9365 9365
9366 9366
9367 9379
9380 9386
9387 9388
9389 9398
9399 9413
9414 9432
9433 9437
9438 9440
9441 9443
9444 9444
9445 9450
9451 9453
9454 9459
9460 9474
9475 9479
9480 9481
9482 9493
9494 9497
9498 9504
9505 9526
9527 9534
9535 9567
9568 9580
9581 9598
9599 9622
9623 9630
9631 9646
9647 9654
9655 9670
9671 9687
9688 9700
9701 9703
9704 9709
9710 9713
9714 9719
9720 9720
9721 9722
9723 9727
9728 9728
9729 9729
9730 9738
9739 9750
9751 9755
9756 9764
9765 9765
9766 9781
9782 9790
9791 9815
9816 9824
9825 9835
9836 9837
9838 9842
9843 9846
9847 9849
9850 9852
9853 9854
9855 9857
9858 9861
9862 9872
9873 9874
9875 9876
9877 9877
9878 9890
9891 9896
9897 9904
9905 9908
9909 9927
9928 9934
9935 9941
9942 9945
9946 9975
9976 9990
9991 9991
9992 9997
