1 1
1000
4 10
11 11
12 14
15 23
24 36
37 54
55 68
69 84
85 93
94 101
102 107
108 138
139 143
144 154
155 184
185 186
187 189
190 205
206 219
220 221
222 224
225 231
232 249
250 254
255 255
256 258
259 273
274 287
288 289
290 334
335 365
366 382
383 389
390 395
396 400
401 403
404 412
413 417
418 422
423 425
426 433
434 450
451 451
452 467
468 471
472 494
495 516
517 529
530 535
536 536
537 540
541 544
545 545
546 554
555 562
563 564
565 580
581 626
627 632
633 654
655 665
666 686
687 698
699 705
706 707
708 723
724 728
729 732
733 742
743 745
746 748
749 757
758 784
785 786
787 805
806 806
807 808
809 826
827 833
834 846
847 858
859 866
867 880
881 886
887 904
905 918
919 922
923 927
928 930
931 932
933 935
936 978
979 997
998 1015
1016 1044
1045 1046
1047 1072
1073 1076
1077 1102
1103 1105
1106 1107
1108 1115
1116 1117
1118 1121
1122 1130
1131 1132
1133 1136
1137 1161
1162 1190
1191 1191
1192 1213
1214 1214
1215 1217
1218 1220
1221 1224
1225 1227
1228 1236
1237 1238
1239 1241
1242 1246
1247 1248
1249 1250
1251 1252
1253 1257
1258 1272
1273 1279
1280 1292
1293 1297
1298 1319
1320 1323
1324 1338
1339 1341
1342 1351
1352 1355
1356 1358
1359 1368
1369 1382
1383 1385
1386 1398
1399 1430
1431 1458
1459 1465
1466 1474
1475 1479
1480 1483
1484 1491
1492 1494
1495 1502
1503 1514
1515 1527
1528 1534
1535 1564
1565 1575
1576 1583
1584 1607
1608 1624
1625 1628
1629 1634
1635 1636
1637 1653
1654 1667
1668 1671
1672 1673
1674 1688
1689 1698
1699 1700
1701 1713
1714 1721
1722 1727
1728 1728
1729 1731
1732 1736
1737 1739
1740 1751
1752 1765
1766 1776
1777 1786
1787 1799
1800 1805
1806 1817
1818 1830
1831 1837
1838 1843
1844 1847
1848 1852
1853 1862
1863 1866
1867 1873
1874 1893
1894 1894
1895 1898
1899 1915
1916 1952
1953 1964
1965 1980
1981 1992
1993 1994
1995 2007
2008 2019
2020 2026
2027 2048
2049 2052
2053 2056
2057 2090
2091 2105
2106 2108
2109 2109
2110 2139
2140 2147
2148 2151
2152 2167
2168 2193
2194 2196
2197 2200
2201 2230
2231 2237
2238 2266
2267 2267
2268 2269
2270 2276
2277 2290
2291 2291
2292 2298
2299 2331
2332 2349
2350 2357
2358 2367
2368 2371
2372 2377
2378 2383
2384 2421
2422 2432
2433 2433
2434 2437
2438 2445
2446 2460
2461 2483
2484 2484
2485 2492
2493 2527
2528 2569
2570 2571
2572 2619
2620 2623
2624 2656
2657 2664
2665 2670
2671 2671
2672 2674
2675 2684
2685 2698
2699 2719
2720 2724
2725 2737
2738 2750
2751 2765
2766 2771
2772 2775
2776 2776
2777 2789
2790 2804
2805 2806
2807 2807
2808 2825
2826 2863
2864 2882
2883 2896
2897 2897
2898 2902
2903 2913
2914 2935
2936 2939
2940 2944
2945 2948
2949 2954
2955 2981
2982 2988
2989 2993
2994 3000
3001 3005
3006 3008
3009 3027
3028 3031
3032 3036
3037 3048
3049 3058
3059 3061
3062 3070
3071 3072
3073 3076
3077 3077
3078 3079
3080 3086
3087 3092
3093 3099
3100 3102
3103 3115
3116 3116
3117 3125
3126 3148
3149 3157
3158 3160
3161 3200
3201 3203
3204 3223
3224 3226
3227 3230
3231 3265
3266 3272
3273 3273
3274 3281
3282 3288
3289 3304
3305 3306
3307 3309
3310 3312
3313 3316
3317 3317
3318 3325
3326 3332
3333 3334
3335 3335
3336 3338
3339 3341
3342 3349
3350 3355
3356 3362
3363 3405
3406 3414
3415 3433
3434 3438
3439 3441
3442 3442
3443 3443
3444 3472
3473 3478
3479 3484
3485 3486
3487 3515
3516 3518
3519 3529
3530 3556
3557 3557
3558 3575
3576 3580
3581 3582
3583 3585
3586 3588
3589 3602
3603 3612
3613 3626
3627 3643
3644 3644
3645 3652
3653 3662
3663 3684
3685 3688
3689 3689
3690 3697
3698 3712
3713 3726
3727 3727
3728 3754
3755 3771
3772 3787
3788 3790
3791 3807
3808 3812
3813 3814
3815 3832
3833 3835
3836 3846
3847 3848
3849 3854
3855 3862
3863 3866
3867 3882
3883 3896
3897 3899
3900 3907
3908 3930
3931 3933
3934 3950
3951 3963
3964 3976
3977 3980
3981 3992
3993 4022
4023 4033
4034 4038
4039 4053
4054 4058
4059 4060
4061 4063
4064 4082
4083 4096
4097 4101
4102 4111
4112 4119
4120 4123
4124 4125
4126 4131
4132 4145
4146 4152
4153 4159
4160 4168
4169 4180
4181 4183
4184 4206
4207 4211
4212 4213
4214 4237
4238 4240
4241 4252
4253 4256
4257 4268
4269 4270
4271 4284
4285 4308
4309 4309
4310 4314
4315 4327
4328 4334
4335 4346
4347 4369
4370 4371
4372 4377
4378 4389
4390 4395
4396 4409
4410 4414
4415 4418
4419 4437
4438 4446
4447 4447
4448 4468
4469 4474
4475 4481
4482 4486
4487 4494
4495 4555
4556 4560
4561 4561
4562 4569
4570 4570
4571 4573
4574 4585
4586 4595
4596 4598
4599 4599
4600 4629
4630 4636
4637 4638
4639 4651
4652 4685
4686 4691
4692 4692
4693 4713
4714 4714
4715 4729
4730 4740
4741 4747
4748 4748
4749 4758
4759 4760
4761 4761
4762 4765
4766 4773
4774 4787
4788 4796
4797 4797
4798 4801
4802 4807
4808 4818
4819 4831
4832 4832
4833 4848
4849 4853
4854 4854
4855 4864
4865 4888
4889 4904
4905 4928
4929 4939
4940 4952
4953 4956
4957 4961
4962 4984
4985 4992
4993 5000
5001 5017
5018 5024
5025 5027
5028 5041
5042 5042
5043 5055
5056 5074
5075 5079
5080 5088
5089 5110
5111 5114
5115 5132
5133 5137
5138 5144
5145 5150
5151 5155
5156 5159
5160 5172
5173 5196
5197 5199
5200 5217
5218 5223
5224 5227
5228 5229
5230 5232
5233 5235
5236 5236
5237 5250
5251 5254
5255 5255
5256 5256
5257 5259
5260 5263
5264 5271
5272 5306
5307 5319
5320 5343
5344 5351
5352 5370
5371 5377
5378 5379
5380 5386
5387 5390
5391 5402
5403 5403
5404 5405
5406 5428
5429 5435
5436 5441
5442 5450
5451 5452
5453 5467
5468 5491
5492 5505
5506 5513
5514 5545
5546 5546
5547 5555
5556 5569
5570 5573
5574 5574
5575 5605
5606 5609
5610 5629
5630 5639
5640 5642
5643 5645
5646 5673
5674 5675
5676 5683
5684 5687
5688 5694
5695 5706
5707 5708
5709 5710
5711 5726
5727 5731
5732 5737
5738 5743
5744 5748
5749 5750
5751 5757
5758 5760
5761 5768
5769 5774
5775 5778
5779 5823
5824 5827
5828 5830
5831 5832
5833 5833
5834 5836
5837 5840
5841 5849
5850 5876
5877 5878
5879 5886
5887 5892
5893 5896
5897 5900
5901 5941
5942 5962
5963 5976
5977 5986
5987 6006
6007 6011
6012 6012
6013 6025
6026 6035
6036 6047
6048 6076
6077 6104
6105 6106
6107 6110
6111 6122
6123 6124
6125 6135
6136 6149
6150 6157
6158 6181
6182 6210
6211 6211
6212 6215
6216 6230
6231 6238
6239 6241
6242 6253
6254 6269
6270 6270
6271 6295
6296 6311
6312 6319
6320 6321
6322 6327
6328 6345
6346 6347
6348 6361
6362 6372
6373 6383
6384 6389
6390 6404
6405 6405
6406 6416
6417 6427
6428 6450
6451 6454
6455 6459
6460 6466
6467 6475
6476 6489
6490 6507
6508 6522
6523 6525
6526 6535
6536 6542
6543 6569
6570 6593
6594 6612
6613 6613
6614 6618
6619 6620
6621 6627
6628 6649
6650 6672
6673 6681
6682 6686
6687 6700
6701 6707
6708 6709
6710 6712
6713 6745
6746 6753
6754 6767
6768 6775
6776 6780
6781 6785
6786 6793
6794 6807
6808 6814
6815 6835
6836 6846
6847 6856
6857 6859
6860 6876
6877 6881
6882 6887
6888 6900
6901 6906
6907 6914
6915 6924
6925 6945
6946 6961
6962 6980
6981 6992
6993 7018
7019 7027
7028 7041
7042 7047
7048 7048
7049 7057
7058 7059
7060 7078
7079 7085
7086 7096
7097 7102
7103 7111
7112 7113
7114 7123
7124 7131
7132 7132
7133 7143
7144 7145
7146 7164
7165 7173
7174 7177
7178 7181
7182 7190
7191 7197
7198 7204
7205 7222
7223 7224
7225 7230
7231 7240
7241 7261
7262 7276
7277 7278
7279 7285
7286 7292
7293 7294
7295 7308
7309 7309
7310 7339
7340 7351
7352 7352
7353 7354
7355 7364
7365 7366
7367 7369
7370 7376
7377 7393
7394 7397
7398 7418
7419 7461
7462 7466
7467 7467
7468 7471
7472 7474
7475 7478
7479 7515
7516 7517
7518 7520
7521 7526
7527 7536
7537 7537
7538 7549
7550 7550
7551 7554
7555 7597
7598 7598
7599 7602
7603 7603
7604 7609
7610 7612
7613 7648
7649 7661
7662 7663
7664 7672
7673 7673
7674 7674
7675 7676
7677 7682
7683 7683
7684 7690
7691 7702
7703 7709
7710 7733
7734 7744
7745 7749
7750 7772
7773 7776
7777 7820
7821 7826
7827 7832
7833 7833
7834 7835
7836 7854
7855 7857
7858 7865
7866 7888
7889 7893
7894 7900
7901 7905
7906 7917
7918 7919
7920 7926
7927 7951
7952 7971
7972 7993
7994 8012
8013 8013
8014 8014
8015 8021
8022 8032
8033 8049
8050 8068
8069 8080
8081 8092
8093 8098
8099 8105
8106 8114
8115 8117
8118 8125
8126 8138
8139 8149
8150 8163
8164 8177
8178 8187
8188 8195
8196 8209
8210 8219
8220 8228
8229 8235
8236 8245
8246 8260
8261 8271
8272 8272
8273 8279
8280 8306
8307 8320
8321 8325
8326 8328
8329 8367
8368 8375
8376 8379
8380 8386
8387 8407
8408 8419
8420 8427
8428 8428
8429 8455
8456 8457
8458 8462
8463 8464
8465 8480
8481 8509
8510 8521
8522 8522
8523 8533
8534 8546
8547 8548
8549 8551
8552 8576
8577 8577
8578 8590
8591 8593
8594 8599
8600 8611
8612 8646
8647 8652
8653 8655
8656 8660
8661 8666
8667 8670
8671 8676
8677 8679
8680 8692
8693 8694
8695 8700
8701 8703
8704 8721
8722 8727
8728 8731
8732 8736
8737 8745
8746 8751
8752 8761
8762 8762
8763 8770
8771 8775
8776 8782
8783 8784
8785 8795
8796 8805
8806 8811
8812 8820
8821 8822
8823 8825
8826 8828
8829 8830
8831 8831
8832 8838
8839 8865
8866 8866
8867 8869
8870 8877
8878 8888
8889 8894
8895 8908
8909 8930
8931 8933
8934 8951
8952 8969
8970 8970
8971 8971
8972 8987
8988 8991
8992 8994
8995 8996
8997 9014
9015 9019
9020 9027
9028 9033
9034 9038
9039 9049
9050 9072
9073 9107
9108 9108
9109 9132
9133 9149
9150 9153
9154 9159
9160 9177
9178 9201
9202 9216
9217 9220
9221 9222
9223 9240
9241 9259
9260 9297
9298 9311
9312 9312
9313 9313
9314 9324
9325 9332
9333 9347
9348 9348
9349 9349
9350 9360
9361 9362
9363 9386
9387 9396
9397 9397
9398 9410
9411 9414
9415 9423
9424 9427
9428 9438
9439 9443
9444 9459
9460 9468
9469 9473
9474 9477
9478 9479
9480 9489
9490 9501
9502 9507
9508 9532
9533 9548
9549 9549
9550 9552
9553 9557
9558 9559
9560 9563
9564 9564
9565 9580
9581 9585
9586 9594
9595 9595
9596 9615
9616 9617
9618 9645
9646 9646
9647 9666
9667 9667
9668 9668
9669 9669
9670 9694
9695 9700
9701 9701
9702 9712
9713 9719
9720 9732
9733 9735
9736 9767
9768 9773
9774 9779
9780 9781
9782 9788
9789 9797
9798 9810
9811 9831
9832 9833
9834 9847
9848 9855
9856 9869
9870 9873
9874 9875
9876 9895
9896 9912
9913 9914
9915 9919
9920 9934
9935 9944
9945 9950
9951 9951
9952 9955
9956 9981
9982 9989
9990 9993
9994 9994
