1 1
1000
37 38
39 84
85 90
91 97
98 99
100 102
103 110
111 117
118 122
123 135
136 151
152 152
153 153
154 175
176 184
185 195
196 203
204 207
208 233
234 255
256 256
257 262
263 263
264 269
270 271
272 276
277 309
310 310
311 331
332 339
340 367
368 369
370 380
381 388
389 400
401 420
421 433
434 440
441 446
447 450
451 460
461 470
471 472
473 474
475 477
478 513
514 514
515 531
532 533
534 543
544 562
563 563
564 570
571 586
587 588
589 591
592 615
616 621
622 623
624 650
651 658
659 659
660 663
664 678
679 683
684 719
720 722
723 723
724 736
737 740
741 743
744 750
751 752
753 773
774 778
779 788
789 792
793 795
796 797
798 799
800 823
824 828
829 837
838 858
859 879
880 881
882 883
884 892
893 909
910 911
912 932
933 949
950 968
969 971
972 979
980 1005
1006 1009
1010 1011
1012 1021
1022 1046
1047 1053
1054 1054
1055 1075
1076 1084
1085 1099
1100 1101
1102 1110
1111 1117
1118 1135
1136 1144
1145 1156
1157 1159
1160 1166
1167 1177
1178 1185
1186 1186
1187 1213
1214 1255
1256 1258
1259 1262
1263 1263
1264 1270
1271 1305
1306 1311
1312 1328
1329 1342
1343 1353
1354 1354
1355 1362
1363 1370
1371 1391
1392 1394
1395 1431
1432 1437
1438 1450
1451 1460
1461 1465
1466 1473
1474 1475
1476 1477
1478 1495
1496 1513
1514 1517
1518 1520
1521 1526
1527 1532
1533 1533
1534 1540
1541 1568
1569 1571
1572 1578
1579 1590
1591 1593
1594 1610
1611 1613
1614 1616
1617 1624
1625 1635
1636 1639
1640 1642
1643 1650
1651 1656
1657 1659
1660 1672
1673 1684
1685 1696
1697 1704
1705 1733
1734 1736
1737 1738
1739 1741
1742 1751
1752 1773
1774 1786
1787 1795
1796 1805
1806 1819
1820 1833
1834 1847
1848 1854
1855 1858
1859 1882
1883 1908
1909 1913
1914 1924
1925 1939
1940 1945
1946 1952
1953 1964
1965 1988
1989 1997
1998 2019
2020 2025
2026 2039
2040 2044
2045 2060
2061 2063
2064 2080
2081 2091
2092 2134
2135 2137
2138 2144
2145 2161
2162 2163
2164 2166
2167 2180
2181 2181
2182 2182
2183 2189
2190 2190
2191 2191
2192 2194
2195 2196
2197 2202
2203 2204
2205 2209
2210 2230
2231 2240
2241 2241
2242 2244
2245 2258
2259 2259
2260 2275
2276 2304
2305 2305
2306 2310
2311 2312
2313 2328
2329 2333
2334 2339
2340 2359
2360 2371
2372 2387
2388 2395
2396 2402
2403 2406
2407 2420
2421 2433
2434 2455
2456 2463
2464 2466
2467 2470
2471 2492
2493 2519
2520 2528
2529 2535
2536 2547
2548 2558
2559 2573
2574 2579
2580 2587
2588 2591
2592 2599
2600 2600
2601 2604
2605 2609
2610 2611
2612 2620
2621 2626
2627 2630
2631 2631
2632 2636
2637 2638
2639 2648
2649 2652
2653 2691
2692 2694
2695 2712
2713 2718
2719 2724
2725 2759
2760 2760
2761 2784
2785 2786
2787 2795
2796 2816
2817 2837
2838 2841
2842 2844
2845 2855
2856 2861
2862 2862
2863 2863
2864 2878
2879 2900
2901 2903
2904 2910
2911 2929
2930 2961
2962 2962
2963 2969
2970 2971
2972 2997
2998 3000
3001 3012
3013 3015
3016 3026
3027 3046
3047 3057
3058 3060
3061 3061
3062 3065
3066 3071
3072 3089
3090 3092
3093 3110
3111 3112
3113 3113
3114 3120
3121 3134
3135 3157
3158 3159
3160 3160
3161 3163
3164 3171
3172 3176
3177 3213
3214 3245
3246 3276
3277 3283
3284 3304
3305 3311
3312 3340
3341 3344
3345 3346
3347 3353
3354 3367
3368 3386
3387 3411
3412 3413
3414 3432
3433 3433
3434 3437
3438 3440
3441 3487
3488 3496
3497 3507
3508 3532
3533 3537
3538 3554
3555 3558
3559 3566
3567 3571
3572 3613
3614 3623
3624 3630
3631 3635
3636 3651
3652 3662
3663 3670
3671 3677
3678 3680
3681 3681
3682 3683
3684 3690
3691 3698
3699 3705
3706 3706
3707 3714
3715 3764
3765 3769
3770 3777
3778 3790
3791 3804
3805 3814
3815 3830
3831 3834
3835 3849
3850 3870
3871 3886
3887 3905
3906 3921
3922 3944
3945 3945
3946 3948
3949 3962
3963 3964
3965 3966
3967 3967
3968 3969
3970 3975
3976 3977
3978 3990
3991 3993
3994 3996
3997 4011
4012 4029
4030 4035
4036 4039
4040 4043
4044 4047
4048 4049
4050 4053
4054 4064
4065 4067
4068 4085
4086 4095
4096 4101
4102 4107
4108 4111
4112 4112
4113 4124
4125 4131
4132 4136
4137 4137
4138 4152
4153 4171
4172 4186
4187 4207
4208 4227
4228 4234
4235 4246
4247 4252
4253 4266
4267 4302
4303 4319
4320 4323
4324 4329
4330 4330
4331 4333
4334 4340
4341 4348
4349 4362
4363 4369
4370 4371
4372 4391
4392 4394
4395 4418
4419 4444
4445 4450
4451 4482
4483 4494
4495 4496
4497 4501
4502 4520
4521 4534
4535 4559
4560 4562
4563 4567
4568 4584
4585 4587
4588 4606
4607 4609
4610 4622
4623 4626
4627 4629
4630 4632
4633 4633
4634 4635
4636 4643
4644 4648
4649 4649
4650 4663
4664 4664
4665 4688
4689 4696
4697 4704
4705 4719
4720 4727
4728 4728
4729 4730
4731 4749
4750 4764
4765 4772
4773 4775
4776 4780
4781 4783
4784 4801
4802 4807
4808 4809
4810 4813
4814 4814
4815 4818
4819 4826
4827 4828
4829 4850
4851 4877
4878 4895
4896 4896
4897 4897
4898 4899
4900 4909
4910 4914
4915 4918
4919 4927
4928 4948
4949 4959
4960 4962
4963 4984
4985 4986
4987 4995
4996 5013
5014 5020
5021 5035
5036 5043
5044 5058
5059 5074
5075 5088
5089 5098
5099 5106
5107 5115
5116 5116
5117 5119
5120 5125
5126 5143
5144 5144
5145 5148
5149 5194
5195 5208
5209 5223
5224 5226
5227 5244
5245 5246
5247 5247
5248 5261
5262 5265
5266 5271
5272 5283
5284 5285
5286 5304
5305 5330
5331 5333
5334 5339
5340 5343
5344 5355
5356 5356
5357 5364
5365 5369
5370 5375
5376 5396
5397 5398
5399 5401
5402 5409
5410 5414
5415 5419
5420 5421
5422 5437
5438 5439
5440 5442
5443 5446
5447 5448
5449 5472
5473 5473
5474 5476
5477 5486
5487 5490
5491 5495
5496 5504
5505 5505
5506 5508
5509 5518
5519 5522
5523 5525
5526 5531
5532 5538
5539 5544
5545 5552
5553 5560
5561 5570
5571 5591
5592 5599
5600 5602
5603 5642
5643 5657
5658 5672
5673 5674
5675 5676
5677 5677
5678 5680
5681 5681
5682 5690
5691 5704
5705 5707
5708 5716
5717 5723
5724 5732
5733 5769
5770 5772
5773 5793
5794 5808
5809 5809
5810 5825
5826 5836
5837 5848
5849 5852
5853 5860
5861 5883
5884 5884
5885 5891
5892 5913
5914 5924
5925 5925
5926 5931
5932 5932
5933 5941
5942 5963
5964 5972
5973 5973
5974 5976
5977 5981
5982 5995
5996 5997
5998 6017
6018 6018
6019 6021
6022 6029
6030 6050
6051 6060
6061 6064
6065 6074
6075 6077
6078 6086
6087 6102
6103 6113
6114 6114
6115 6119
6120 6143
6144 6157
6158 6178
6179 6203
6204 6208
6209 6219
6220 6233
6234 6264
6265 6282
6283 6301
6302 6319
6320 6328
6329 6329
6330 6333
6334 6353
6354 6360
6361 6377
6378 6378
6379 6379
6380 6386
6387 6398
6399 6404
6405 6405
6406 6409
6410 6412
6413 6424
6425 6456
6457 6487
6488 6488
6489 6504
6505 6511
6512 6517
6518 6535
6536 6537
6538 6549
6550 6554
6555 6561
6562 6565
6566 6596
6597 6602
6603 6614
6615 6628
6629 6629
6630 6640
6641 6665
6666 6669
6670 6678
6679 6709
6710 6718
6719 6729
6730 6742
6743 6744
6745 6745
6746 6753
6754 6754
6755 6762
6763 6772
6773 6783
6784 6785
6786 6791
6792 6816
6817 6823
6824 6826
6827 6835
6836 6859
6860 6861
6862 6870
6871 6884
6885 6888
6889 6906
6907 6926
6927 6929
6930 6936
6937 6940
6941 6944
6945 6955
6956 6963
6964 6971
6972 6976
6977 6980
6981 6993
6994 7006
7007 7021
7022 7024
7025 7044
7045 7047
7048 7059
7060 7060
7061 7065
7066 7071
7072 7079
7080 7092
7093 7096
7097 7107
7108 7121
7122 7123
7124 7128
7129 7130
7131 7132
7133 7150
7151 7153
7154 7159
7160 7163
7164 7172
7173 7190
7191 7196
7197 7203
7204 7208
7209 7209
7210 7234
7235 7235
7236 7238
7239 7247
7248 7270
7271 7277
7278 7280
7281 7294
7295 7296
7297 7315
7316 7333
7334 7334
7335 7340
7341 7344
7345 7352
7353 7354
7355 7368
7369 7388
7389 7393
7394 7397
7398 7404
7405 7407
7408 7428
7429 7434
7435 7439
7440 7442
7443 7445
7446 7447
7448 7453
7454 7455
7456 7459
7460 7471
7472 7497
7498 7516
7517 7523
7524 7525
7526 7530
7531 7535
7536 7541
7542 7548
7549 7554
7555 7555
7556 7556
7557 7558
7559 7570
7571 7580
7581 7582
7583 7589
7590 7594
7595 7602
7603 7615
7616 7623
7624 7630
7631 7631
7632 7647
7648 7664
7665 7673
7674 7675
7676 7676
7677 7678
7679 7697
7698 7717
7718 7742
7743 7751
7752 7753
7754 7759
7760 7760
7761 7773
7774 7777
7778 7787
7788 7791
7792 7794
7795 7799
7800 7822
7823 7829
7830 7835
7836 7882
7883 7887
7888 7889
7890 7891
7892 7894
7895 7915
7916 7916
7917 7917
7918 7932
7933 7940
7941 7962
7963 7963
7964 7965
7966 7972
7973 7974
7975 7980
7981 7984
7985 7987
7988 7990
7991 7994
7995 8000
8001 8020
8021 8025
8026 8028
8029 8035
8036 8038
8039 8065
8066 8069
8070 8078
8079 8140
8141 8155
8156 8176
8177 8179
8180 8188
8189 8193
8194 8201
8202 8229
8230 8242
8243 8252
8253 8253
8254 8257
8258 8284
8285 8287
8288 8293
8294 8298
8299 8299
8300 8309
8310 8313
8314 8316
8317 8321
8322 8339
8340 8364
8365 8373
8374 8403
8404 8404
8405 8438
8439 8446
8447 8462
8463 8464
8465 8494
8495 8511
8512 8515
8516 8518
8519 8520
8521 8522
8523 8548
8549 8562
8563 8568
8569 8571
8572 8576
8577 8619
8620 8621
8622 8629
8630 8634
8635 8639
8640 8645
8646 8656
8657 8678
8679 8680
8681 8707
8708 8719
8720 8724
8725 8736
8737 8751
8752 8762
8763 8785
8786 8795
8796 8796
8797 8803
8804 8818
8819 8828
8829 8835
8836 8849
8850 8852
8853 8863
8864 8867
8868 8869
8870 8872
8873 8914
8915 8921
8922 8922
8923 8927
8928 8964
8965 8983
8984 8997
8998 9004
9005 9006
9007 9007
9008 9009
9010 9017
9018 9025
9026 9026
9027 9056
9057 9070
9071 9080
9081 9101
9102 9104
9105 9109
9110 9135
9136 9157
9158 9158
9159 9169
9170 9175
9176 9189
9190 9194
9195 9228
9229 9263
9264 9264
9265 9282
9283 9286
9287 9295
9296 9301
9302 9327
9328 9332
9333 9336
9337 9341
9342 9345
9346 9346
9347 9366
9367 9388
9389 9400
9401 9401
9402 9407
9408 9411
9412 9413
9414 9422
9423 9423
9424 9440
9441 9453
9454 9463
9464 9467
9468 9474
9475 9477
9478 9481
9482 9521
9522 9539
9540 9542
9543 9543
9544 9544
9545 9551
9552 9553
9554 9554
9555 9558
9559 9559
9560 9561
9562 9587
9588 9597
9598 9618
9619 9632
9633 9634
9635 9643
9644 9677
9678 9687
9688 9694
9695 9713
9714 9718
9719 9719
9720 9729
9730 9749
9750 9752
9753 9756
9757 9778
9779 9784
9785 9826
9827 9829
9830 9831
9832 9838
9839 9890
9891 9896
9897 9900
9901 9908
9909 9922
9923 9928
9929 9954
9955 9956
9957 9972
9973 9974
9975 9976
9977 9998
